## Syphers & Shull 2014 ##
#z eta eta_dn eta_up
2.7411 91.6220 54.7016 1018.5914
2.7431 153.4617 100.9253 1018.5914
2.7451 29.3765 21.7771 43.8531
2.7491 65.7658 47.4242 107.1519
2.7511 205.1162 129.4196 1028.0163
2.7531 127.6439 90.3649 207.0141
2.7551 167.4943 123.0269 259.4179
2.7571 110.6624 87.9023 149.2794
2.7592 93.3254 69.8232 143.8799
2.7612 311.8890 207.9697 1018.5914
2.7651 143.2188 83.5603 325.0873
2.7711 138.6756 102.8016 208.9296
2.7731 94.6237 75.1623 127.0574
2.7751 106.6596 86.6962 138.0384
2.7771 82.7942 61.9441 125.3141
2.7891 91.2011 63.0957 138.6756
2.7911 179.4734 133.0454 270.3958
2.7931 92.8966 69.1831 139.9587
2.7951 69.8232 44.0555 145.8814
2.7972 95.9401 77.2681 124.7384
2.7991 307.6097 183.6538 1037.5284
2.8011 74.1310 46.5586 133.6596
2.8031 89.9498 62.5173 139.9587
2.8051 145.8814 114.2878 197.6970
2.8091 84.3335 61.9441 119.6741
2.8111 13.3660 9.9083 19.1426
2.8131 42.8549 30.9030 62.8058
2.8151 40.7380 26.4241 73.7904
2.8171 85.1138 58.3445 143.2188
2.8191 87.9023 59.7035 199.5262
2.8231 172.9816 131.2200 255.8586
2.8251 46.5586 24.5471 113.7627
2.8271 156.3148 82.7942 1047.1285
2.8291 95.4993 78.7046 124.1652
2.8411 112.7197 68.5488 1028.0163
2.8451 54.2001 39.8107 77.9830
2.8471 6.1944 5.2723 7.3114
2.8491 42.6580 33.7287 58.8844
2.8511 140.6048 73.7904 1028.0163
2.8531 53.7032 37.8443 80.9096
2.8551 134.8963 105.6818 195.8845
2.8571 106.6596 80.1678 177.8279
2.8591 199.5262 121.8990 469.8941
2.8612 48.9779 32.3594 80.9096
2.8671 325.0873 203.2357 666.8068
2.8731 61.6595 41.8794 141.2538
2.8791 41.1150 25.4683 1037.5284
2.8811 74.4732 45.7088 1047.1285
2.8951 84.7227 43.2514 1028.0163
2.8972 154.8817 119.1242 234.4229
2.9092 276.6942 218.7762 1032.7614
2.9171 82.7942 37.4973 1028.0163
2.9191 50.3501 40.5509 68.5488
2.9211 112.2018 87.4984 164.4372
2.9311 67.6083 54.2001 89.5365
3.0306 18.6209 15.7761 22.9087
3.0316 25.4683 16.2930 48.9779
3.0326 12.2462 9.3756 17.5388
3.0336 4.5709 3.8019 5.9979
3.0346 27.7971 20.0447 43.2514
3.0356 29.3765 25.1189 35.9749
3.0366 37.4973 30.9030 50.3501
3.0376 38.7258 33.4195 46.1318
3.0386 37.4973 27.4157 57.8096
3.0396 8.0168 6.6988 10.7152
3.0406 49.8884 35.6451 1037.5284
3.0426 154.1700 106.1696 1047.1285
3.0456 136.7729 77.6247 1028.0163
3.0466 3.3113 2.5586 5.2481
3.0476 2.8840 2.3550 4.1687
3.0486 4.9888 3.5645 8.3560
3.0496 31.4775 21.7771 47.4242
3.0506 14.0605 6.5163 26.0615
3.0516 19.2309 7.6913 39.8107
3.0526 31.6228 19.2309 51.0505
3.0536 46.9894 24.8886 82.0352
3.0546 63.3870 43.6516 96.8278
3.0556 283.1392 215.7744 1047.1285
3.0566 177.8279 112.2018 1056.8175
3.0576 154.1700 105.6818 1071.5193
3.0585 65.4636 55.2077 83.5603
3.0596 58.3445 48.3059 77.2681
3.0606 88.7156 59.1562 1066.5961
3.0636 19.7697 10.9648 52.7230
3.0646 51.5229 36.8129 84.3335
3.0676 78.7046 60.5341 117.4898
3.0686 86.2979 55.7186 1028.0163
3.0696 50.8159 25.4683 1037.5284
3.0706 10.7152 8.3946 15.7036
3.0716 25.4683 21.2814 32.9610
3.0726 48.7528 36.4754 75.1623
3.0746 92.8966 66.6807 158.4893
3.0756 371.5352 198.6095 1028.0163
3.0776 11.5878 3.4356 89.1251
3.0826 33.7287 22.4905 74.4732
3.0876 283.1392 211.8361 1037.5284
3.0885 891.2509 467.7351 1047.1285
3.0906 424.6196 322.1069 636.7955
3.0916 972.7472 554.6257 1659.5869
3.0946 172.9816 138.6756 236.5920
3.0986 407.3803 120.2264 1028.0163
3.0996 240.9905 176.1976 474.2420
3.1006 207.0141 159.9558 304.7895
3.1016 188.7991 146.5548 271.6439
3.1026 387.2576 281.8383 1013.9114
3.1126 883.0799 430.5266 1721.8686
3.1146 285.7591 107.6465 1096.4782
3.1176 167.4943 106.6596 414.9540
3.1186 70.4693 52.4807 120.7814
3.1205 306.1963 224.9055 547.0160
3.1266 123.5947 103.7528 153.4617
3.1276 805.3784 597.0353 1018.5914
3.1286 508.1594 381.9443 751.6229
3.1296 146.5548 97.7237 1018.5914
3.1336 39.6278 30.3389 57.5440
3.1346 143.2188 92.8966 260.6154
3.1356 101.8591 65.4636 180.3018
3.1366 15.0661 4.1687 1037.5284
3.1406 515.2286 343.5579 1028.0163
3.1445 131.2200 100.9253 208.9296
3.1495 118.5769 42.0727 1028.0163
3.1535 436.5158 316.2278 1047.1285
3.1546 457.0882 279.2544 1037.5284
3.1566 492.0395 300.6076 1028.0163
3.1575 721.1075 457.0882 1037.5284
3.1586 291.0717 213.7962 448.7454
3.1615 707.9458 517.6068 1028.0163
3.1626 409.2607 291.0717 717.7943
3.1636 385.4784 296.4831 591.5616
3.1646 83.5603 65.7658 120.7814
3.1655 128.8250 67.6083 1047.1285
3.1686 765.5966 519.9960 1000.0000
3.1716 654.6362 457.0882 1009.2529
3.1726 698.2324 394.4573 1028.0163
3.1776 866.9619 463.4469 1037.5284
3.1786 354.8134 197.6970 1018.5914
3.1856 340.4082 257.0396 512.8614
3.1876 496.5923 334.1950 903.6495
3.1885 438.5307 313.3286 717.7943
3.1946 704.6931 510.5050 1018.5914
3.1956 920.4496 666.8068 1018.5914
3.1966 496.5923 363.0781 769.1304
3.1976 489.7788 154.1700 1018.5914
3.1986 55.9758 41.8794 84.7227
3.2046 53.4564 33.4195 114.8154
3.2056 66.0693 33.4195 1018.5914
3.2076 82.4138 29.1072 1018.5914
3.2086 125.8925 57.0164 1009.2529
3.2096 254.6830 115.8777 1018.5914
3.2146 72.4436 7.3114 1009.2529
3.2176 72.4436 31.6228 1018.5914
3.2196 22.0800 12.0226 41.8794
3.2206 4.6989 2.6546 1023.2930
3.2216 22.2844 14.9968 37.3250
3.2236 19.7697 12.2462 32.2107
3.2246 52.2396 41.4954 68.8652
3.2256 67.2977 51.0505 92.0450
3.2266 39.0841 28.8403 52.9663
3.2277 61.9441 35.6451 131.8257
3.2286 75.1623 53.7032 105.6818
3.2296 53.4564 32.5087 82.4138
3.2306 65.4636 42.6580 96.8278
3.2316 40.5509 30.9030 55.7186
3.2346 24.8886 13.1826 52.2396
3.2356 23.3346 17.0608 32.9610
3.2367 80.9096 54.2001 119.1242
3.2376 27.7971 8.0168 54.4503
3.2396 54.9541 39.4457 78.7046
3.2406 104.2317 78.3430 149.9685
3.2416 25.8226 20.0447 35.9749
3.2427 142.5608 59.9791 1013.9114
3.2436 44.0555 35.6451 55.4626
3.2446 57.8096 46.1318 73.1139
3.2456 65.7658 52.2396 82.4138
3.2467 92.8966 59.7035 141.9058
3.2476 128.2331 92.8966 180.3018
3.2486 24.5471 17.8649 35.1560
3.2496 51.2861 41.4954 64.8634
3.2506 30.4789 23.6592 40.9261
3.2516 58.0764 44.6684 77.2681
3.2526 31.3329 25.1189 39.4457
3.2536 39.4457 25.8226 63.0957
3.2547 9.3325 7.3451 12.1899
3.2556 32.9610 14.5881 62.2300
3.2566 77.9830 53.7032 115.3453
3.2577 147.9108 58.6138 682.3387
3.2586 3.2063 2.6669 4.3053
3.2596 10.7152 8.3946 14.3219
3.2606 20.6063 14.8594 29.1072
3.2616 5.5463 1.0000 27.6694
3.2626 72.7780 57.5440 93.3254
3.2636 118.5769 101.3911 142.5608
3.2647 42.4620 31.9154 57.8096
3.2656 25.1189 20.4174 31.9154
3.2666 24.5471 18.7068 32.2107
3.2676 1.7298 1.4928 2.0701
3.2686 2.4547 1.4859 4.5709
3.2696 15.8489 2.4660 35.4813
#
#
# lower limits
#z lowlim
2.7471 40.7380 0.000 0.000
2.7671 307.6097 0.000 0.000
2.7692 232.2737 0.000 0.000
2.7852 205.1162 0.000 0.000
2.7871 2.3659 0.000 0.000
2.8071 29.9226 0.000 0.000
2.8631 21.4783 0.000 0.000
2.8831 79.4328 0.000 0.000
2.8852 130.6171 0.000 0.000
2.8991 159.9558 0.000 0.000
2.9031 143.2188 0.000 0.000
2.9051 109.6478 0.000 0.000
2.9112 369.8282 0.000 0.000
2.9232 161.4359 0.000 0.000
2.9272 283.1392 0.000 0.000
2.9291 194.9845 0.000 0.000
3.0616 8.9536 0.000 0.000
3.0626 19.8609 0.000 0.000
3.0766 125.8925 0.000 0.000
3.0786 17.0608 0.000 0.000
3.0816 409.2607 0.000 0.000
3.0836 296.4831 0.000 0.000
3.0866 340.4082 0.000 0.000
3.0896 122.4616 0.000 0.000
3.0926 29.5121 0.000 0.000
3.0936 303.3891 0.000 0.000
3.0956 34.1979 0.000 0.000
3.0966 35.6451 0.000 0.000
3.0976 47.4242 0.000 0.000
3.1056 179.4734 0.000 0.000
3.1066 10.0925 0.000 0.000
3.1076 41.6869 0.000 0.000
3.1085 34.1979 0.000 0.000
3.1096 89.1251 0.000 0.000
3.1105 46.5586 0.000 0.000
3.1116 240.9905 0.000 0.000
3.1136 134.2765 0.000 0.000
3.1196 206.0630 0.000 0.000
3.1246 149.2794 0.000 0.000
3.1256 253.5129 0.000 0.000
3.1306 81.2831 0.000 0.000
3.1316 34.1979 0.000 0.000
3.1326 44.8745 0.000 0.000
3.1376 47.6431 0.000 0.000
3.1456 196.7886 0.000 0.000
3.1506 181.9701 0.000 0.000
3.1516 217.7710 0.000 0.000
3.1736 424.6196 0.000 0.000
3.1796 695.0243 0.000 0.000
3.1866 266.6859 0.000 0.000
3.1916 309.0295 0.000 0.000
3.1926 244.3431 0.000 0.000
3.1936 101.3911 0.000 0.000
3.2036 218.7762 0.000 0.000
3.2166 51.9996 0.000 0.000
3.2186 67.2977 0.000 0.000
3.2226 31.9154 0.000 0.000
3.2326 28.1838 0.000 0.000
3.2336 5.8614 0.000 0.000
3.2386 29.5121 0.000 0.000
