#z Q_H Q_H-err Q_H+err Q_He Q_He-err Q_He+err
3.0 1.0 1.0 1.0 1.0 1.0 1.0
3.01 1.0 1.0 1.0 1.0 1.0 1.0
3.02 1.0 1.0 1.0 1.0 1.0 1.0
3.03 1.0 1.0 1.0 1.0 1.0 1.0
3.04 1.0 1.0 1.0 1.0 1.0 1.0
3.05 1.0 1.0 1.0 1.0 1.0 1.0
3.06 1.0 1.0 1.0 1.0 1.0 1.0
3.07 1.0 1.0 1.0 1.0 1.0 1.0
3.08 1.0 1.0 1.0 1.0 1.0 1.0
3.09 1.0 1.0 1.0 1.0 1.0 1.0
3.1 1.0 1.0 1.0 1.0 1.0 1.0
3.11 1.0 1.0 1.0 1.0 1.0 1.0
3.12 1.0 1.0 1.0 1.0 1.0 1.0
3.13 1.0 1.0 1.0 1.0 1.0 1.0
3.14 1.0 1.0 1.0 1.0 1.0 1.0
3.15 1.0 1.0 1.0 1.0 1.0 1.0
3.16 1.0 1.0 1.0 1.0 1.0 1.0
3.17 1.0 1.0 1.0 1.0 1.0 1.0
3.18 1.0 1.0 1.0 1.0 1.0 1.0
3.19 1.0 1.0 1.0 1.0 1.0 1.0
3.2 1.0 1.0 1.0 1.0 1.0 1.0
3.21 1.0 1.0 1.0 1.0 1.0 1.0
3.22 1.0 1.0 1.0 1.0 1.0 1.0
3.23 1.0 1.0 1.0 1.0 1.0 1.0
3.24 1.0 1.0 1.0 1.0 1.0 1.0
3.25 1.0 1.0 1.0 1.0 1.0 1.0
3.26 1.0 1.0 1.0 1.0 1.0 1.0
3.27 1.0 1.0 1.0 1.0 1.0 1.0
3.28 1.0 1.0 1.0 1.0 1.0 1.0
3.29 1.0 1.0 1.0 1.0 1.0 1.0
3.3 1.0 1.0 1.0 1.0 1.0 1.0
3.31 1.0 1.0 1.0 1.0 1.0 1.0
3.32 1.0 1.0 1.0 1.0 1.0 1.0
3.33 1.0 1.0 1.0 1.0 1.0 1.0
3.34 1.0 1.0 1.0 1.0 1.0 1.0
3.35 1.0 1.0 1.0 1.0 1.0 1.0
3.36 1.0 1.0 1.0 1.0 1.0 1.0
3.37 1.0 1.0 1.0 1.0 1.0 1.0
3.38 1.0 1.0 1.0 1.0 1.0 1.0
3.39 1.0 1.0 1.0 1.0 1.0 1.0
3.4 1.0 1.0 1.0 1.0 1.0 1.0
3.41 1.0 1.0 1.0 1.0 1.0 1.0
3.42 1.0 1.0 1.0 1.0 1.0 1.0
3.43 1.0 1.0 1.0 1.0 1.0 1.0
3.44 1.0 1.0 1.0 1.0 1.0 1.0
3.45 1.0 1.0 1.0 1.0 1.0 1.0
3.46 1.0 1.0 1.0 1.0 1.0 1.0
3.47 1.0 1.0 1.0 1.0 1.0 1.0
3.48 1.0 1.0 1.0 1.0 1.0 1.0
3.49 1.0 1.0 1.0 1.0 1.0 1.0
3.5 1.0 1.0 1.0 1.0 1.0 1.0
3.51 1.0 1.0 1.0 1.0 1.0 1.0
3.52 1.0 1.0 1.0 1.0 1.0 1.0
3.53 1.0 1.0 1.0 1.0 1.0 1.0
3.54 1.0 1.0 1.0 1.0 1.0 1.0
3.55 1.0 1.0 1.0 1.0 1.0 1.0
3.56 1.0 1.0 1.0 1.0 1.0 1.0
3.57 1.0 1.0 1.0 1.0 1.0 1.0
3.58 1.0 1.0 1.0 1.0 1.0 1.0
3.59 1.0 1.0 1.0 1.0 1.0 1.0
3.6 1.0 1.0 1.0 1.0 1.0 1.0
3.61 1.0 1.0 1.0 1.0 1.0 1.0
3.62 1.0 1.0 1.0 1.0 1.0 1.0
3.63 1.0 1.0 1.0 1.0 1.0 1.0
3.64 1.0 1.0 1.0 1.0 1.0 1.0
3.65 1.0 1.0 1.0 1.0 1.0 1.0
3.66 1.0 1.0 1.0 1.0 1.0 1.0
3.67 1.0 1.0 1.0 1.0 1.0 1.0
3.68 1.0 1.0 1.0 1.0 1.0 1.0
3.69 1.0 1.0 1.0 1.0 1.0 1.0
3.7 1.0 1.0 1.0 1.0 1.0 1.0
3.71 1.0 1.0 1.0 1.0 1.0 1.0
3.72 1.0 1.0 1.0 1.0 1.0 1.0
3.73 1.0 1.0 1.0 1.0 1.0 1.0
3.74 1.0 1.0 1.0 1.0 1.0 1.0
3.75 1.0 1.0 1.0 1.0 1.0 1.0
3.76 1.0 1.0 1.0 1.0 1.0 1.0
3.77 1.0 1.0 1.0 1.0 1.0 1.0
3.78 1.0 1.0 1.0 1.0 1.0 1.0
3.79 1.0 1.0 1.0 1.0 1.0 1.0
3.8 1.0 1.0 1.0 1.0 1.0 1.0
3.81 1.0 1.0 1.0 1.0 1.0 1.0
3.82 1.0 1.0 1.0 1.0 1.0 1.0
3.83 1.0 1.0 1.0 1.0 1.0 1.0
3.84 1.0 1.0 1.0 1.0 1.0 1.0
3.85 1.0 1.0 1.0 1.0 1.0 1.0
3.86 1.0 1.0 1.0 1.0 1.0 1.0
3.87 1.0 1.0 1.0 1.0 1.0 1.0
3.88 1.0 1.0 1.0 1.0 1.0 1.0
3.89 1.0 1.0 1.0 1.0 1.0 1.0
3.9 1.0 1.0 1.0 1.0 1.0 1.0
3.91 1.0 1.0 1.0 1.0 1.0 1.0
3.92 1.0 1.0 1.0 1.0 1.0 1.0
3.93 1.0 1.0 1.0 1.0 1.0 1.0
3.94 1.0 1.0 1.0 1.0 0.99886073014 1.0
3.95 1.0 1.0 1.0 1.0 0.993123467833 1.0
3.96 1.0 1.0 1.0 1.0 0.987453786524 1.0
3.97 1.0 1.0 1.0 1.0 0.982018485391 1.0
3.98 1.0 1.0 1.0 1.0 0.976583184258 1.0
3.99 1.0 1.0 1.0 1.0 0.971147883125 1.0
4.0 1.0 1.0 1.0 1.0 0.965753991917 1.0
4.01 1.0 1.0 1.0 1.0 0.960469671371 1.0
4.02 1.0 1.0 1.0 1.0 0.955185350825 1.0
4.03 1.0 1.0 1.0 1.0 0.949901030279 1.0
4.04 1.0 1.0 1.0 1.0 0.944616709733 1.0
4.05 1.0 1.0 1.0 1.0 0.939332389187 1.0
4.06 1.0 1.0 1.0 1.0 0.934048068641 1.0
4.07 1.0 1.0 1.0 1.0 0.928763748095 1.0
4.08 1.0 1.0 1.0 1.0 0.923800437289 1.0
4.09 1.0 1.0 1.0 1.0 0.919371673403 1.0
4.1 1.0 1.0 1.0 1.0 0.914942909517 1.0
4.11 1.0 1.0 1.0 1.0 0.91051414563 1.0
4.12 1.0 1.0 1.0 1.0 0.906085381744 1.0
4.13 1.0 1.0 1.0 1.0 0.901281388723 1.0
4.14 1.0 1.0 1.0 1.0 0.896450009938 1.0
4.15 1.0 1.0 1.0 1.0 0.891618631154 1.0
4.16 1.0 1.0 1.0 1.0 0.886787252369 1.0
4.17 1.0 1.0 1.0 1.0 0.881955873584 1.0
4.18 1.0 1.0 1.0 1.0 0.877124494799 1.0
4.19 1.0 1.0 1.0 1.0 0.872293116014 1.0
4.2 1.0 1.0 1.0 1.0 0.86746670642 1.0
4.21 1.0 1.0 1.0 1.0 0.862786308222 1.0
4.22 1.0 1.0 1.0 1.0 0.858105910025 1.0
4.23 1.0 1.0 1.0 1.0 0.853425511827 1.0
4.24 1.0 1.0 1.0 1.0 0.848757702246 1.0
4.25 1.0 1.0 1.0 1.0 0.844228284635 1.0
4.26 1.0 1.0 1.0 1.0 0.839698867024 1.0
4.27 1.0 1.0 1.0 1.0 0.835169449414 1.0
4.28 1.0 1.0 1.0 1.0 0.830660239846 1.0
4.29 1.0 1.0 1.0 1.0 0.826281802823 1.0
4.3 1.0 1.0 1.0 1.0 0.821903365799 1.0
4.31 1.0 1.0 1.0 0.995121157912 0.817524928775 1.0
4.32 1.0 1.0 1.0 0.990161001789 0.813174319221 1.0
4.33 1.0 1.0 1.0 0.985129695886 0.808946862784 1.0
4.34 1.0 1.0 1.0 0.980098389982 0.804719406347 1.0
4.35 1.0 1.0 1.0 0.975067084079 0.800491949911 1.0
4.36 1.0 1.0 1.0 0.970130644549 0.796264493474 1.0
4.37 1.0 1.0 1.0 0.965251802461 0.792037037037 1.0
4.38 1.0 1.0 1.0 0.960372960373 0.7878095806 1.0
4.39 1.0 1.0 1.0 0.955494118285 0.783582124164 1.0
4.4 1.0 1.0 1.0 0.95072369491 0.779440800371 1.0
4.41 1.0 1.0 1.0 0.945997316637 0.775515305108 1.0
4.42 1.0 1.0 1.0 0.941270938364 0.771589809846 1.0
4.43 1.0 1.0 1.0 0.936544560091 0.767664314583 1.0
4.44 1.0 1.0 1.0 0.93194015287 0.763688133572 1.0
4.45 1.0 1.0 1.0 0.927366238413 0.759611657722 1.0
4.46 1.0 1.0 1.0 0.922792323955 0.755535181872 1.0
4.47 1.0 1.0 1.0 0.918218409497 0.751458706023 1.0
4.48 1.0 1.0 1.0 0.91364449504 0.74766079934 1.0
4.49 1.0 1.0 1.0 0.909070580582 0.744305675184 1.0
4.5 1.0 1.0 1.0 0.904496666125 0.740950551028 1.0
4.51 1.0 1.0 1.0 0.899922751667 0.737595426872 1.0
4.52 1.0 1.0 1.0 0.89549791294 0.734240302716 1.0
4.53 1.0 1.0 1.0 0.891076462297 0.730489713775 1.0
4.54 1.0 1.0 1.0 0.886655011655 0.726715199099 1.0
4.55 1.0 1.0 1.0 0.882275347392 0.722940684423 1.0
4.56 1.0 1.0 1.0 0.878480692434 0.719166169748 1.0
4.57 1.0 1.0 1.0 0.874686037477 0.715541641821 1.0
4.58 1.0 1.0 1.0 0.870891382519 0.711918107732 1.0
4.59 1.0 1.0 1.0 0.867096727562 0.708294573643 1.0
4.6 1.0 1.0 1.0 0.862985851358 0.704671039555 1.0
4.61 1.0 1.0 1.0 0.858716864531 0.701047505466 1.0
4.62 1.0 1.0 1.0 0.854447877704 0.697423971377 1.0
4.63 1.0 1.0 1.0 0.850178890877 0.693800437289 1.0
4.64 1.0 1.0 1.0 0.846140293815 0.690191148214 1.0
4.65 1.0 1.0 1.0 0.842176234618 0.686718594713 1.0
4.66 1.0 1.0 1.0 0.838212175421 0.683246041211 1.0
4.67 1.0 1.0 1.0 0.834248116225 0.67977348771 1.0
4.68 1.0 1.0 1.0 0.830155309806 0.676322798648 1.0
4.69 1.0 1.0 1.0 0.826038786795 0.673001225734 1.0
4.7 1.0 1.0 1.0 0.821922263783 0.669679652819 1.0
4.71 1.0 1.0 1.0 0.817805740771 0.666358079905 1.0
4.72 1.0 1.0 1.0 0.81383151732 0.66303650699 1.0
4.73 1.0 1.0 1.0 0.809867458123 0.659714934075 1.0
4.74 1.0 1.0 1.0 0.805903398927 0.656393361161 1.0
4.75 1.0 1.0 1.0 0.801942727815 0.653071788246 1.0
4.76 1.0 1.0 1.0 0.798131132433 0.649750215332 1.0
4.77 1.0 1.0 1.0 0.794319537052 0.646428642417 0.996366527529
4.78 1.0 1.0 1.0 0.790507941671 0.643107069502 0.991535148744
4.79 1.0 1.0 1.0 0.786713286713 0.639785496588 0.98670376996
4.8 1.0 1.0 1.0 0.783054155147 0.636553369112 0.981917113894
4.81 1.0 1.0 1.0 0.779395023581 0.633533757371 0.977236715696
4.82 1.0 1.0 1.0 0.775735892015 0.63051414563 0.972556317498
4.83 1.0 1.0 1.0 0.772076760449 0.62749453389 0.9678759193
4.84 1.0 1.0 1.0 0.768417628883 0.624422580004 0.963300205393
4.85 1.0 1.0 1.0 0.764758497317 0.621251987676 0.958921768369
4.86 1.0 1.0 1.0 0.761099365751 0.618081395349 0.954543331346
4.87 1.0 1.0 1.0 0.757440234184 0.614910803021 0.950164894322
4.88 1.0 1.0 1.0 0.753781102618 0.611986719377 0.945926367632
4.89 1.0 1.0 1.0 0.750121971052 0.609436825018 0.941900218644
4.9 1.0 1.0 1.0 0.746462839486 0.60688693066 0.937874069657
4.91 1.0 1.0 1.0 0.742861305361 0.604337036301 0.93384792067
4.92 1.0 1.0 1.0 0.73935463761 0.601787141942 0.929821771682
4.93 1.0 1.0 1.0 0.73584796986 0.598789173789 0.925603591069
4.94 1.0 1.0 1.0 0.732341302109 0.595769562049 0.921376134632
4.95 1.0 1.0 1.0 0.729079705824 0.592749950308 0.917148678195
4.96 1.0 1.0 1.0 0.726098191214 0.589731663685 0.912921221758
4.97 1.0 1.0 1.0 0.723116676605 0.587014013119 0.908693765322
4.98 1.0 1.0 1.0 0.720135161996 0.584296362552 0.904466308885
4.99 1.0 1.0 1.0 0.717128801431 0.581578711986 0.900238852448
5.0 1.0 1.0 1.0 0.713774597496 0.578852779434 0.896019677996
5.01 1.0 1.0 1.0 0.71042039356 0.575984148281 0.891943202147
5.02 1.0 1.0 1.0 0.707066189624 0.573115517127 0.887866726297
5.03 1.0 1.0 1.0 0.703711985689 0.570246885974 0.883790250447
5.04 1.0 1.0 1.0 0.700357781753 0.567394156231 0.879713774598
5.05 1.0 1.0 1.0 0.697003577818 0.564676505665 0.875637298748
5.06 1.0 1.0 1.0 0.693649373882 0.561958855098 0.871560822898
5.07 1.0 1.0 1.0 0.690332438879 0.559241204532 0.867484347048
5.08 1.0 1.0 1.0 0.687130698759 0.556547074803 0.863431392036
5.09 1.0 1.0 1.0 0.683928958638 0.553980404823 0.859505896773
5.1 1.0 1.0 1.0 0.680727218518 0.551413734844 0.855580401511
5.11 1.0 1.0 1.0 0.677576299669 0.548847064865 0.851654906248
5.12 1.0 1.0 1.0 0.674527023364 0.546280394885 0.847760551249
5.13 1.0 1.0 1.0 0.671477747059 0.543713724906 0.843986036573
5.14 1.0 1.0 1.0 0.668428470754 0.541147054926 0.840211521898
5.15 1.0 1.0 1.0 0.665314820838 0.538580384947 0.836437007222
5.16 1.0 1.0 1.0 0.662113080718 0.536013714967 0.832662492546
5.17 1.0 1.0 1.0 0.658911340597 0.533447044988 0.828887977871
5.18 1.0 1.0 1.0 0.655709600477 0.530880375008 0.825113463195
5.19 1.0 1.0 1.0 0.652663712257 0.528313705029 0.821338948519
5.2 1.0 1.0 1.0 0.649766899767 0.525793414166 0.817564433844
5.21 1.0 1.0 1.0 0.646870087277 0.523377724773 0.813789919168
5.22 1.0 1.0 1.0 0.643973274787 0.520962035381 0.810015404492
5.23 1.0 1.0 1.0 0.641076462297 0.518546345988 0.806240889816
5.24 1.0 1.0 1.0 0.638179649808 0.516226654004 0.802664369796
5.25 1.0 1.0 1.0 0.635282837318 0.514079374545 0.799443450606
5.26 1.0 1.0 1.0 0.632386024828 0.511932095085 0.796222531416
5.27 1.0 1.0 1.0 0.629489212338 0.509784815625 0.793001612226
5.28 1.0 1.0 1.0 0.626592399848 0.507637536165 0.789780693037
5.29 1.0 1.0 1.0 0.623695587358 0.505244815477 0.786329672696
5.3 1.0 1.0 1.0 0.620798774869 0.502829126085 0.782857119194
5.31 1.0 1.0 1.0 0.618152304199 0.500413436693 0.779384565693
5.32 1.0 1.0 1.0 0.615577359763 0.4979977473 0.775912012191
5.33 1.0 1.0 1.0 0.613002415328 0.495727738024 0.772439458689
5.34 1.0 1.0 1.0 0.610427470893 0.493463029219 0.768966905188
5.35 1.0 1.0 1.0 0.6077885293 0.491198320413 0.765494351686
5.36 1.0 1.0 1.0 0.605044180626 0.488935930564 0.76202411714
5.37 1.0 1.0 1.0 0.602299831951 0.486822202345 0.758702544226
5.38 1.0 1.0 1.0 0.599555483276 0.484708474127 0.755380971311
5.39 1.0 1.0 1.0 0.596882284382 0.482594745909 0.752059398397
5.4 1.0 1.0 1.0 0.594290399523 0.480471079308 0.748737825482
5.41 1.0 1.0 1.0 0.591698514664 0.478206370503 0.745416252567
5.42 1.0 1.0 1.0 0.589106629804 0.475941661697 0.742094679653
5.43 1.0 1.0 1.0 0.586430042825 0.473676952892 0.738773106738
5.44 1.0 1.0 1.0 0.583685694151 0.471429801895 0.735451533824
5.45 1.0 1.0 1.0 0.580941345476 0.469316073677 0.732129960909
5.46 1.0 1.0 1.0 0.578196996802 0.467202345458 0.728808387994
5.47 1.0 1.0 1.0 0.575550902586 0.46508861724 0.72548681508
5.48 1.0 1.0 1.0 0.572959017726 0.462974889021 0.7221904194
5.49 1.0 1.0 1.0 0.570367132867 0.460861160803 0.719019827072
5.5 1.0 1.0 1.0 0.567775248008 0.458747432585 0.715849234745
5.51 1.0 1.0 1.0 0.565295169946 0.456633704366 0.712678642417
5.52 1.0 0.996001788909 1.0 0.562855748902 0.454552772809 0.70954084675
5.53 1.0 0.991321390711 1.0 0.560416327858 0.452590025177 0.70652123501
5.54 1.0 0.986640992513 1.0 0.557976906814 0.450627277546 0.703501623269
5.55 1.0 0.981960594315 1.0 0.55553748577 0.448664529915 0.700482011529
5.56 1.0 0.977320612204 1.0 0.553098064726 0.446701782283 0.697462399788
5.57 1.0 0.972791194594 1.0 0.550658643682 0.444739034652 0.694442788047
5.58 1.0 0.968261776983 1.0 0.548219222638 0.44277628702 0.691423176307
5.59 1.0 0.963732359372 1.0 0.545779801594 0.440813539389 0.688403564566
5.6 1.0 0.959250977274 1.0 0.54334038055 0.438850791758 0.685383952826
5.61 0.995717400332 0.95487254025 1.0 0.540900959506 0.436888044126 0.682364341085
5.62 0.991434800664 0.950494103227 1.0 0.538461538462 0.434925296495 0.679344729345
5.63 0.987152200997 0.946115666203 1.0 0.536022117417 0.432962548864 0.676325117604
5.64 0.982758460048 0.941966032819 1.0 0.533582696373 0.4310801917 0.673478654564
5.65 0.978261730397 0.938208293764 1.0 0.531143275329 0.429335527139 0.670928760205
5.66 0.973765000745 0.934450554709 1.0 0.528717406624 0.427590862578 0.668378865847
5.67 0.969268271094 0.930692815654 1.0 0.526430449396 0.425846198017 0.665828971488
5.68 0.964771541443 0.926935076599 1.0 0.524143492167 0.424101533456 0.663279077129
5.69 0.960274811792 0.922742662161 1.0 0.521856534938 0.422294772411 0.660434224475
5.7 0.955778082141 0.918515205725 1.0 0.519614752173 0.420483005367 0.657565593321
5.71 0.95128135249 0.914287749288 1.0 0.517581901303 0.418671238322 0.654696962168
5.72 0.946868943798 0.910060292851 1.0 0.515549050433 0.416859471278 0.651828331014
5.73 0.942522105136 0.905832836414 1.0 0.513516199563 0.415047704234 0.648959699861
5.74 0.938175266473 0.901605379978 1.0 0.511483348693 0.413235937189 0.646091068707
5.75 0.93382842781 0.897377923541 1.0 0.509371442511 0.411424170145 0.643222437554
5.76 0.929569171139 0.893154442457 1.0 0.507236949097 0.409612403101 0.640357781753
5.77 0.925372223465 0.889077966607 1.0 0.505102455684 0.407800636056 0.637640131187
5.78 0.92117527579 0.885001490757 0.997497382893 0.50296796227 0.405988869012 0.63492248062
5.79 0.916978328116 0.880925014908 0.992907573047 0.50070133355 0.404177101968 0.632204830054
5.8 0.912781380441 0.876860133837 0.988322401113 0.498414376321 0.402365334923 0.629487179487
5.81 0.908584432767 0.872934638574 0.983792983502 0.496127419093 0.400553567879 0.626769528921
5.82 0.904387485092 0.869009143311 0.979263565892 0.493840461864 0.398741800835 0.624051878354
5.83 0.900190537418 0.865083648049 0.974734148281 0.491699192281 0.396930033791 0.621334227788
5.84 0.896087693798 0.861158152786 0.97020473067 0.489564698867 0.395137480951 0.618635791427
5.85 0.892040637112 0.857232657523 0.965675313059 0.487430205453 0.393476694494 0.616069121447
5.86 0.887993580426 0.853307162261 0.961145895448 0.485302488209 0.391815908037 0.613502451468
5.87 0.88394652374 0.849381666998 0.956616477837 0.483320458611 0.39015512158 0.610935781488
5.88 0.879899467054 0.845483005367 0.952113893858 0.481338429013 0.388494335122 0.608369111509
5.89 0.875852410368 0.841708490691 0.947735456834 0.479356399415 0.386833548665 0.605802441529
5.9 0.871805353682 0.837933976015 0.943357019811 0.477354041308 0.385172762208 0.60323577155
5.91 0.867758296996 0.83415946134 0.938978582787 0.475219547894 0.38351197575 0.60066910157
5.92 0.863811866428 0.830384946664 0.934634598821 0.47308505448 0.381851189293 0.598102431591
5.93 0.85991470073 0.826610431988 0.930407142384 0.470950561067 0.380190402836 0.595535761611
5.94 0.856017535033 0.822835917313 0.926179685947 0.468849948501 0.378529616378 0.592969091632
5.95 0.852120369335 0.819061402637 0.92195222951 0.466867918903 0.376868829921 0.590402421652
5.96 0.84852332207 0.815328960445 0.917724773074 0.464885889305 0.375250115948 0.587835751673
5.97 0.845059174783 0.811705426357 0.913497316637 0.462903859706 0.373740310078 0.585269081694
5.98 0.841595027496 0.808081892268 0.9092698602 0.460921830108 0.372230504207 0.582702411714
5.99 0.838130880209 0.804458358179 0.905042403763 0.45893980051 0.370720698337 0.580135741735
6.0 0.834605135659 0.800967335851 0.901013714967 0.456957770911 0.3692661057 0.577707104839
6.01 0.83085786095 0.797746416661 0.897390180879 0.454975741313 0.367924056038 0.575559825379
6.02 0.82711058624 0.794525497471 0.89376664679 0.452993711715 0.366582006375 0.573412545919
6.03 0.823363311531 0.791304578281 0.890143112701 0.451011682116 0.365239956713 0.571265266459
6.04 0.819651908169 0.788083659091 0.886519578613 0.449029652518 0.36389790705 0.569117986999
6.05 0.816054524448 0.784639816471 0.882628536408 0.44704762292 0.362407241768 0.566866676605
6.06 0.812457140728 0.78116726297 0.878703041145 0.445239515007 0.360897435897 0.5646019678
6.07 0.808859757007 0.777694709468 0.874777545882 0.443613234311 0.359387630027 0.562337258994
6.08 0.805223240906 0.774222155966 0.87085205062 0.441986953615 0.357877824157 0.560072550189
6.09 0.801475966197 0.770749602465 0.866785181872 0.440360672919 0.356368018287 0.557666467899
6.1 0.797728691488 0.767277048963 0.862708706023 0.438716322437 0.354858212416 0.555250778507
6.11 0.793981416778 0.763804495461 0.858632230173 0.436886756654 0.353348406546 0.552835089114
6.12 0.790318928891 0.76033194196 0.854555754323 0.435057190871 0.351838600676 0.550419399722
6.13 0.786871436158 0.757008381369 0.850777264295 0.433227625088 0.350328794806 0.54815270324
6.14 0.783423943426 0.753686808454 0.847002749619 0.431398059305 0.348818988935 0.545887994435
6.15 0.779976450693 0.75036523554 0.843228234943 0.429568493522 0.347309183065 0.543623285629
6.16 0.776483303518 0.747043662625 0.839453720268 0.427738927739 0.345805008945 0.541358576824
6.17 0.772885919797 0.74372208971 0.835679205592 0.425909361956 0.344446183661 0.539093868018
6.18 0.769288536076 0.740400516796 0.831904690916 0.424079796173 0.343087358378 0.536829159213
6.19 0.765691152355 0.737078943881 0.828130176241 0.42225023039 0.341728533095 0.534564450407
6.2 0.762191599583 0.733757370967 0.824355661565 0.420420664607 0.340356456636 0.532312992778
6.21 0.758893997838 0.730435798052 0.820581146889 0.418591098824 0.338846650765 0.53019926456
6.22 0.755596396094 0.727114225138 0.816806632214 0.416815742397 0.337336844895 0.528085536341
6.23 0.75229879435 0.723792652223 0.813032117538 0.415138640429 0.335827039025 0.525971808123
6.24 0.7489490161 0.720491949911 0.809278473465 0.413461538462 0.334338103757 0.523837209302
6.25 0.745501523368 0.717321357583 0.805654939376 0.411784436494 0.332979278473 0.521572500497
6.26 0.742054030635 0.714150765255 0.802031405287 0.41003957283 0.33162045319 0.519307791692
6.27 0.738606537903 0.710980172928 0.798407871199 0.408210007047 0.330261627907 0.517043082886
6.28 0.735214482707 0.7078095806 0.79478433711 0.406380441264 0.328902802624 0.514806864109
6.29 0.731916880963 0.704638988273 0.791160803021 0.404550875481 0.32754397734 0.512693135891
6.3 0.728619279219 0.701468395945 0.787537268933 0.402802623733 0.326185152057 0.510579407672
6.31 0.725321677475 0.698297803618 0.783913734844 0.401125521765 0.324826326774 0.508465679454
6.32 0.722082774299 0.695163320745 0.78032631021 0.399448419797 0.323503610945 0.50638806069
6.33 0.718935063544 0.692143709004 0.776853756708 0.397771317829 0.322295766249 0.504425313059
6.34 0.715787352788 0.689124097264 0.773381203207 0.396189082236 0.321087921553 0.502462565428
6.35 0.712639642032 0.686104485523 0.769908649705 0.394664444083 0.319880076857 0.500499817796
6.36 0.709581428477 0.683084873783 0.766436096204 0.393139805931 0.31862850328 0.498493341284
6.37 0.706650226926 0.680065262042 0.762963542702 0.391615167778 0.317269677996 0.496379613066
6.38 0.703719025376 0.677045650301 0.7594909892 0.389982110912 0.315910852713 0.494265884847
6.39 0.700787823826 0.674026038561 0.756018435699 0.388305008945 0.31455202743 0.492152156629
6.4 0.697856622275 0.67112053417 0.752677105649 0.386627906977 0.313290193394 0.490163946495
6.41 0.6948629435 0.668436434845 0.749590391425 0.384950805009 0.312216553664 0.488419281934
6.42 0.691865123733 0.66575233552 0.746503677201 0.383395674093 0.311142913934 0.486674617372
6.43 0.688867303965 0.663068236195 0.743416962978 0.381871035941 0.310069274204 0.484929952811
6.44 0.685869484198 0.66038413687 0.740330248754 0.380346397788 0.308995634474 0.48318528825
6.45 0.682727829644 0.657534535878 0.737032896045 0.378821759636 0.307801629895 0.481245030809
6.46 0.679580118888 0.654665904724 0.73371132313 0.377447703029 0.306593785198 0.479282283178
6.47 0.676432408132 0.651797273571 0.730389750215 0.376092469116 0.305385940502 0.477319535546
6.48 0.673284697376 0.648928642417 0.727068177301 0.374737235202 0.304178095806 0.475356787915
6.49 0.670284082439 0.646060011264 0.723746604386 0.373382001289 0.30297025111 0.473394040284
6.5 0.667286262671 0.64319138011 0.720425031472 0.371943947525 0.301762406414 0.471431292652
6.51 0.664288442904 0.640322748956 0.717103458557 0.370419309373 0.300554561717 0.469468545021
6.52 0.661291088998 0.637454117803 0.713781885642 0.36889467122 0.299346717021 0.46750579739
6.53 0.658443160219 0.634585486649 0.710610962035 0.367370033068 0.298138872325 0.465693699066
6.54 0.65559523144 0.631716855496 0.707440369708 0.365845394915 0.296931027629 0.463881932021
6.55 0.652747302661 0.628848224342 0.70426977738 0.364320756763 0.295723182932 0.462070164977
6.56 0.649895646989 0.625986881336 0.701099185053 0.36279611861 0.294515338236 0.460251109786
6.57 0.646897827221 0.623269230769 0.697928592725 0.361271480458 0.29330749354 0.458288362155
6.58 0.643900007454 0.620551580203 0.694758000398 0.359746842305 0.292099648844 0.456325614523
6.59 0.640902187686 0.617833929636 0.69158740807 0.358222204152 0.290891804148 0.454362866892
6.6 0.637911355844 0.61511627907 0.688431723315 0.356697566 0.289698867024 0.452415026834
6.61 0.635063427065 0.612398628503 0.685412111575 0.355172927847 0.288642002915 0.450603259789
6.62 0.632215498286 0.609680977937 0.682392499834 0.353763484577 0.287585138806 0.448791492745
6.63 0.629367569507 0.60696332737 0.679372888094 0.35239131024 0.286528274697 0.446979725701
6.64 0.626529889684 0.604268203803 0.676353276353 0.351019135903 0.285448883588 0.445190485656
6.65 0.623831851893 0.601701533824 0.673333664613 0.349646961566 0.284241038892 0.443529699198
6.66 0.621133814103 0.599134863844 0.670314052872 0.348146040007 0.283033194196 0.441868912741
6.67 0.618435776312 0.596568193865 0.667294441132 0.346621401854 0.2818253495 0.440208126284
6.68 0.615724228533 0.59397137746 0.664274829391 0.345096763701 0.280647651229 0.438517193401
6.69 0.612876299754 0.591253726893 0.661255217651 0.343572125549 0.27959078712 0.436705426357
6.7 0.610028370975 0.588536076327 0.65823560591 0.342189786957 0.278533923011 0.434893659312
6.71 0.607180442196 0.58581842576 0.65521599417 0.34081761262 0.277477058901 0.433081892268
6.72 0.604349284437 0.583138541046 0.652234148281 0.339445438283 0.276420194792 0.431307891075
6.73 0.601651246646 0.580571871066 0.649365517127 0.338073263945 0.275363330683 0.429647104618
6.74 0.598953208855 0.578005201087 0.646496885974 0.336701089608 0.274306466574 0.427986318161
6.75 0.596255171064 0.575438531107 0.64362825482 0.335328915271 0.273249602465 0.426325531703
6.76 0.593615003644 0.572917246406 0.640759623667 0.333956740933 0.272192738356 0.424619359968
6.77 0.591349984264 0.570501557013 0.637890992513 0.33260150702 0.271135874246 0.422807592924
6.78 0.589084964884 0.568085867621 0.63502236136 0.331381796498 0.270079010137 0.42099582588
6.79 0.586819945505 0.565670178228 0.632153730206 0.330162085976 0.269022146028 0.419184058835
6.8 0.584554926125 0.563301604128 0.629396997872 0.328942375454 0.2680065078 0.417537195315
6.81 0.582004928816 0.561020119702 0.626847103514 0.327692172169 0.267067073036 0.416195145653
6.82 0.579306891026 0.558738635276 0.624297209155 0.326319997832 0.266127638272 0.41485309599
6.83 0.576608853235 0.55645715085 0.621747314796 0.324947823494 0.265188203509 0.413511046328
6.84 0.573910815444 0.554175666424 0.619197420438 0.323575649157 0.264248768745 0.412168996665
6.85 0.571314684891 0.551772344796 0.616495229577 0.322247519922 0.263339793282 0.410537583648
6.86 0.568766538089 0.549356655403 0.61377757901 0.3210278094 0.262433909759 0.408876797191
6.87 0.566218391287 0.546940966011 0.611059928444 0.319808098878 0.261528026237 0.407216010733
6.88 0.563670244484 0.544525276618 0.608342277877 0.318588388356 0.260622142715 0.405555224276
6.89 0.561227265951 0.542254273504 0.605479941032 0.317368677834 0.259571572915 0.403894437819
6.9 0.558829010137 0.539989564699 0.602611309879 0.316148967312 0.258514708805 0.402233651362
6.91 0.556430754323 0.537724855893 0.599742678725 0.31492925679 0.257457844696 0.400572864904
6.92 0.554032498509 0.53545882197 0.596876697807 0.313709546268 0.256402305705 0.398913403565
6.93 0.551525813394 0.533043132578 0.594310027827 0.312489835746 0.255496422182 0.397403597694
6.94 0.548977666592 0.530627443186 0.591743357848 0.311270125224 0.25459053866 0.395893791824
6.95 0.54642951979 0.528211753793 0.589176687869 0.310050414702 0.253684655138 0.394383985954
6.96 0.543881372987 0.525805008945 0.586601073345 0.30883070418 0.252778771616 0.392874180083
6.97 0.541444916518 0.523540300139 0.583883422779 0.307610993658 0.251872888094 0.391364374213
6.98 0.539046660704 0.521275591334 0.581165772212 0.306391283135 0.250967004572 0.389854568343
6.99 0.53664840489 0.519010882528 0.578448121646 0.305171572613 0.250061121049 0.388344762473
7.0 0.534250149076 0.516746173723 0.575747035049 0.303951862091 0.249138673557 0.386834956602
7.01 0.531851893262 0.514481464918 0.57318036507 0.302732151569 0.248081809448 0.385325150732
7.02 0.529453637448 0.512216756112 0.57061369509 0.301512441047 0.247024945339 0.383815344862
7.03 0.527055381634 0.509952047307 0.568047025111 0.300292730525 0.24596808123 0.382305538992
7.04 0.52465712582 0.507687338501 0.565480355132 0.299073020003 0.244935400517 0.380795733121
7.05 0.522377082402 0.505422629696 0.562913685152 0.297853309481 0.244029516995 0.379285927251
7.06 0.520128717576 0.503157920891 0.560347015173 0.296633598959 0.243123633472 0.377776121381
7.07 0.51788035275 0.500893212085 0.557780345193 0.295413888437 0.24221774995 0.376266315511
7.08 0.515631987925 0.498660306102 0.555245478036 0.294194177915 0.241311866428 0.37475650964
7.09 0.513262149672 0.496546577884 0.552829788644 0.293025288665 0.240405982906 0.37324670377
7.1 0.510863893858 0.494432849665 0.550414099251 0.291958041958 0.239500099384 0.3717368979
7.11 0.508465638044 0.492319121447 0.547998409859 0.290890795251 0.238594215862 0.370227092029
7.12 0.50606738223 0.49016597098 0.545582720466 0.289823548544 0.237727754588 0.368756708408
7.13 0.50400175164 0.487901262175 0.543167031074 0.288691928227 0.236972851653 0.367397883125
7.14 0.502003205128 0.485636553369 0.540751341682 0.287472217705 0.236217948718 0.366039057841
7.15 0.500004658617 0.483371844564 0.538335652289 0.286252507183 0.235463045783 0.364680232558
7.16 0.498006112105 0.481227353372 0.536003592541 0.285032796661 0.234692462289 0.363326634128
7.17 0.495918469551 0.479348483845 0.533856313081 0.283891012089 0.233887232492 0.361984584465
7.18 0.493670104726 0.477469614317 0.531709033621 0.282823765382 0.233082002694 0.360642534803
7.19 0.4914217399 0.47559074479 0.529561754161 0.281756518675 0.232276772897 0.35930048514
7.2 0.489173375075 0.473711875262 0.527414474701 0.280689271968 0.231471543099 0.357958435478
7.21 0.486981728906 0.471760170278 0.525034121778 0.279693175042 0.230578910753 0.356601818724
7.22 0.484883255069 0.469797422646 0.522618432386 0.278744511303 0.229673027231 0.355242993441
7.23 0.482784781231 0.467834675015 0.520202742993 0.277795847563 0.228767143709 0.353884168157
7.24 0.480686307394 0.465871927384 0.517787053601 0.276847183824 0.227861260187 0.352525342874
7.25 0.478587833557 0.463770456503 0.515371364209 0.275874803491 0.227094099914 0.351166517591
7.26 0.47648935972 0.461656728285 0.512955674816 0.274807556784 0.226339196979 0.349807692308
7.27 0.474390885883 0.459543000066 0.510539985424 0.273740310078 0.225584294044 0.348448867024
7.28 0.472292412045 0.457429271848 0.508124296031 0.272673063371 0.224829391108 0.347090041741
7.29 0.470193938208 0.455461886305 0.505854949314 0.271605816664 0.223928145498 0.345731216458
7.3 0.468095464371 0.453499138674 0.503590240509 0.270538569957 0.223022261976 0.344372391175
7.31 0.465996990534 0.451536391042 0.501325531703 0.26947132325 0.222116378454 0.343013565891
7.32 0.463898516697 0.449573643411 0.499060822898 0.268404076544 0.221213476446 0.341657722123
7.33 0.461800042859 0.44761089578 0.496796114093 0.267336829837 0.220458573511 0.340449877427
7.34 0.459701569022 0.445648148148 0.494531405287 0.26626958313 0.219703670576 0.33924203273
7.35 0.457603095185 0.443685400517 0.492266696482 0.265202336423 0.218948767641 0.338034188034
7.36 0.455504621348 0.441722652885 0.490012588617 0.264135089716 0.218193864705 0.336815742397
7.37 0.45340614751 0.439759905254 0.487898860399 0.26306784301 0.21743896177 0.335456917114
7.38 0.451307673673 0.437797157623 0.485785132181 0.262000596303 0.216684058835 0.334098091831
7.39 0.449209199836 0.435834409991 0.483671403962 0.260933349596 0.2159291559 0.332739266547
7.4 0.447110725999 0.43387166236 0.481539455377 0.259866102889 0.215174252965 0.331398661631
7.41 0.445085275976 0.431908914729 0.479274746571 0.258883558302 0.21441935003 0.330190816935
7.42 0.443136693128 0.429946167097 0.477010037766 0.257968775411 0.213664447095 0.328982972239
7.43 0.441188110279 0.427983419466 0.47474532896 0.257053992519 0.21290954416 0.327775127543
7.44 0.43923952743 0.426046511628 0.472506459948 0.256139209628 0.212154641224 0.326541443053
7.45 0.437290944581 0.424234744584 0.47039273173 0.255126172277 0.211399738289 0.32518261777
7.46 0.435342361732 0.422422977539 0.468279003512 0.254058925571 0.210644835354 0.323823792487
7.47 0.433393778883 0.420611210495 0.466165275293 0.252991678864 0.209889932419 0.322464967203
7.48 0.431445196035 0.418799443451 0.464051547075 0.251924432157 0.209135029484 0.32113960114
7.49 0.429496613186 0.416987676406 0.461937818856 0.250968992248 0.208380126549 0.319931756443
7.5 0.427548030337 0.415175909362 0.459824090638 0.250054209357 0.207625223614 0.318723911747
7.51 0.425599447488 0.413364142318 0.45771036242 0.249139426465 0.206870320678 0.317516067051
7.52 0.423650864639 0.411552375273 0.455637712847 0.248224643573 0.206115417743 0.316308222355
7.53 0.421821891771 0.409740608229 0.453674965216 0.247309860682 0.205360514808 0.315100377659
7.54 0.420089818128 0.407928841185 0.451712217584 0.24639507779 0.204605611873 0.313892532962
7.55 0.418357744484 0.40611707414 0.449749469953 0.245480294899 0.203850708938 0.312684688266
7.56 0.416625670841 0.404370237859 0.447813776806 0.244565512007 0.203122860487 0.311520130745
7.57 0.414876942643 0.402759778264 0.445934907279 0.24351181764 0.202451835656 0.310446491015
7.58 0.412928359794 0.401149318669 0.444056037751 0.242444570933 0.201780810825 0.309372851285
7.59 0.410979776945 0.399538859074 0.442177168224 0.241377324226 0.201109785994 0.308299211555
7.6 0.409031194097 0.397928399479 0.440298298696 0.240310077519 0.200438761162 0.307225571825
7.61 0.407097402355 0.396140926257 0.438345673491 0.239496937171 0.199693980653 0.306166683231
7.62 0.405298710495 0.394329159213 0.43638292586 0.238683796823 0.198939077718 0.305109819121
7.63 0.403500018634 0.392517392169 0.434420178228 0.237870656475 0.198184174783 0.304052955012
7.64 0.401701326774 0.390705625124 0.432457430597 0.237057516127 0.197429271848 0.302996090903
7.65 0.399902634914 0.389034237726 0.430494682966 0.236274868542 0.196814748559 0.301798847148
7.66 0.398103943053 0.387373451269 0.428531935334 0.235512549466 0.196210826211 0.300591002451
7.67 0.396305251193 0.385712664812 0.426569187703 0.23475023039 0.195606903863 0.299383157755
7.68 0.394506559332 0.384051878354 0.424606440072 0.233987911313 0.195002981515 0.298175313059
7.69 0.392707867472 0.382391091897 0.42264369244 0.233120561609 0.194251060094 0.297115467435
7.7 0.390909175611 0.38073030544 0.420680944809 0.232205778717 0.193496157159 0.296058603326
7.71 0.389110483751 0.379069518982 0.418718197178 0.231290995826 0.192741254224 0.295001739217
7.72 0.38731179189 0.377404094613 0.416755449546 0.230376212934 0.1919909892 0.293940237196
7.73 0.38551310003 0.375592327569 0.414792701915 0.229461430043 0.191387066852 0.2927323925
7.74 0.383714408169 0.373780560525 0.412829954283 0.228546647151 0.190783144504 0.291524547804
7.75 0.381915716309 0.37196879348 0.410867206652 0.22763186426 0.190179222156 0.290316703107
7.76 0.380117024448 0.370169283774 0.408916716359 0.226717081368 0.189575299808 0.289121115749
7.77 0.378346167822 0.368508497317 0.407104949314 0.225802298477 0.18897137746 0.28806425164
7.78 0.37669736695 0.366847710859 0.40529318227 0.224887515585 0.188367455112 0.287007387531
7.79 0.375048566078 0.365186924402 0.403481415226 0.223972732694 0.187763532764 0.285950523421
7.8 0.373399765206 0.363546014709 0.401669648181 0.223057949802 0.187139733651 0.284893659312
7.81 0.371750964334 0.362036208839 0.399857881137 0.222288854556 0.186384830716 0.283836795203
7.82 0.370102163462 0.360526402968 0.398046114093 0.22152653548 0.185629927781 0.282779931094
7.83 0.368453362589 0.359016597098 0.396234347048 0.220764216404 0.184875024846 0.281723066985
7.84 0.366804561717 0.357479295037 0.394422580004 0.219995121158 0.184147618101 0.280666202876
7.85 0.365121403548 0.35581850858 0.39261081296 0.219080338266 0.183543695753 0.279609338766
7.86 0.363322711688 0.354157722123 0.390799045915 0.218165555375 0.182939773405 0.278552474657
7.87 0.361524019827 0.352496935666 0.388987278871 0.217250772483 0.182335851057 0.277495610548
7.88 0.359725327967 0.350871264825 0.387175511827 0.216356318101 0.181731928709 0.276438746439
7.89 0.357964254435 0.349361458954 0.385363744782 0.215593999024 0.181128006361 0.27538188233
7.9 0.356315453563 0.347851653084 0.383551977738 0.214831679948 0.180524084012 0.27432501822
7.91 0.354666652691 0.346341847214 0.381740210694 0.214069360872 0.179920161664 0.273268154111
7.92 0.353017851819 0.344789306301 0.379928443649 0.213273160948 0.179316239316 0.272211290002
7.93 0.351455351819 0.343128519844 0.378116676605 0.212358378056 0.178712316968 0.271154425893
7.94 0.350122987478 0.341467733386 0.376304909561 0.211443595165 0.17810839462 0.270097561784
7.95 0.348790623137 0.339806946929 0.374493142516 0.210528812273 0.177504472272 0.269040697674
7.96 0.347458258795 0.338252464351 0.372793274292 0.209661462568 0.176922929688 0.26806775768
7.97 0.346125894454 0.336910414688 0.371317019663 0.208899143492 0.176386109823 0.267262527883
7.98 0.344541266026 0.335568365026 0.369840765035 0.208136824416 0.175849289958 0.266457298085
7.99 0.342892465154 0.334226315363 0.368364510406 0.20737450534 0.175312470093 0.265652068288
8.0 0.341243664281 0.332884265701 0.366888255777 0.206646067111 0.174775650228 0.26484683849
8.01 0.339594863409 0.331392864242 0.365113297555 0.205968450155 0.174179089644 0.263817580998
8.02 0.337946062537 0.329883058371 0.363301530511 0.205290833198 0.173575167296 0.262760716889
8.03 0.336297261665 0.328373252501 0.361489763467 0.204613216241 0.172971244948 0.261703852779
8.04 0.334648460793 0.326863446631 0.359677996422 0.203935599284 0.1723673226 0.26064698867
8.05 0.332999659921 0.325495676804 0.358008265421 0.203173280208 0.171763400252 0.259590124561
8.06 0.331476874627 0.324136851521 0.356347478964 0.202410961132 0.171159477904 0.258533260452
8.07 0.329977964744 0.322778026237 0.354686692506 0.201648642056 0.170555555556 0.257476396343
8.08 0.32847905486 0.321419200954 0.353025906049 0.200886322979 0.169951633207 0.256419532233
8.09 0.326980144976 0.319910720201 0.351365119592 0.200124003903 0.169347710859 0.255512323594
8.1 0.325481235092 0.318400914331 0.349704333135 0.199361684827 0.168743788511 0.254606440072
8.11 0.323982325209 0.316891108461 0.348043546677 0.198599365751 0.168139866163 0.253700556549
8.12 0.322483415325 0.315381302591 0.346389054529 0.197837046674 0.167535943815 0.252794673027
8.13 0.320984505441 0.31387149672 0.344879248658 0.197074727598 0.166932021467 0.251888789505
8.14 0.319485595558 0.31236169085 0.343369442788 0.196312408522 0.166328099119 0.250982905983
8.15 0.317986685674 0.31085188498 0.341859636918 0.195550089445 0.165724176771 0.250077022461
8.16 0.31648777579 0.309355992844 0.340335917313 0.194787770369 0.165134168157 0.249171138939
8.17 0.314988865906 0.307997167561 0.338675130855 0.194025451293 0.164681226396 0.248265255416
8.18 0.313489956023 0.306638342278 0.337014344398 0.193263132217 0.164228284635 0.247359371894
8.19 0.311991046139 0.305279516995 0.335353557941 0.19250081314 0.163775342874 0.246453488372
8.2 0.310492136255 0.303920691711 0.333692771483 0.191738494064 0.163300867952 0.24554760485
8.21 0.308993226372 0.302561866428 0.332031985026 0.190976174988 0.162696945604 0.244641721328
8.22 0.307494316488 0.301203041145 0.330371198569 0.190213855912 0.162093023256 0.243735837806
8.23 0.305995406604 0.299844215862 0.328710412112 0.189451536835 0.161489100908 0.242829954283
8.24 0.30449649672 0.298485390578 0.327078778242 0.188756979455 0.16088517856 0.241894918174
8.25 0.302997586837 0.297126565295 0.325568972371 0.188147124194 0.160281256211 0.240838054065
8.26 0.301640997689 0.295767740012 0.324059166501 0.187537268933 0.159677333863 0.239781189956
8.27 0.300291978794 0.294408914729 0.322549360631 0.186927413672 0.159073411515 0.238724325846
8.28 0.298942959899 0.293050089445 0.321039554761 0.186236244376 0.158506261181 0.237741005764
8.29 0.297593941003 0.291691264162 0.31952974889 0.1854739253 0.15805331942 0.236986102829
8.3 0.29626109786 0.290332438879 0.31801994302 0.184711606223 0.157600377659 0.236231199894
8.31 0.294928733519 0.288973613596 0.31651013715 0.183949287147 0.157147435897 0.235476296959
8.32 0.293596369178 0.287659179752 0.315049655101 0.183186968071 0.156669832225 0.234706596877
8.33 0.292264004837 0.286451335056 0.313707605439 0.182424648994 0.15613301236 0.23390136708
8.34 0.290923384392 0.28524349036 0.312365555776 0.181662329918 0.155596192495 0.233096137282
8.35 0.289574365496 0.284035645664 0.311023506114 0.180900010842 0.15505937263 0.232290907485
8.36 0.288225346601 0.282827800967 0.309681456451 0.180294296573 0.154522552765 0.231485677687
8.37 0.286876327706 0.281491502683 0.30819668058 0.179752203008 0.154057096005 0.230594812165
8.38 0.28552730881 0.2801326774 0.30668687471 0.179210109443 0.153604154244 0.229688928642
8.39 0.284178289915 0.278773852117 0.30517706884 0.178668015877 0.153151212483 0.22878304512
8.4 0.28282927102 0.277415026834 0.30366726297 0.178104840896 0.152698270722 0.227877161598
8.41 0.281480252124 0.276192274564 0.302293530113 0.177494985635 0.152109255946 0.226971278076
8.42 0.280131233229 0.274984429868 0.30093470483 0.176885130374 0.151505333598 0.226065394554
8.43 0.278782214334 0.273776585172 0.299575879547 0.176275275112 0.15090141125 0.225159511032
8.44 0.277433195438 0.272568740476 0.298217054264 0.175604434325 0.150297488902 0.224253627509
8.45 0.276084176543 0.271217203339 0.29671453654 0.174842115249 0.149837258994 0.223491436427
8.46 0.274735157648 0.269858378056 0.29520473067 0.174079796173 0.149384317233 0.222736533492
8.47 0.273386138752 0.268499552773 0.2936949248 0.173317477097 0.148931375472 0.221981630557
8.48 0.272037119857 0.267141058769 0.292185450209 0.172629695886 0.148478433711 0.221226396343
8.49 0.270688100962 0.265933214073 0.290826624925 0.172019840624 0.14802549195 0.220320512821
8.5 0.269426431127 0.264725369377 0.289467799642 0.171409985363 0.147572550189 0.219414629298
8.51 0.26822730322 0.26351752468 0.288108974359 0.170800130102 0.147119608428 0.218508745776
8.52 0.267028175313 0.262309679984 0.28674219837 0.170190274841 0.146666666667 0.21761081296
8.53 0.265829047406 0.261101835288 0.2852323925 0.16958041958 0.146213724906 0.216855910025
8.54 0.264539309407 0.259893990592 0.28372258663 0.168970564319 0.145760783145 0.216101007089
8.55 0.263190290511 0.258686145895 0.282212780759 0.168360709058 0.145307841383 0.215346104154
8.56 0.261841271616 0.257462731067 0.280718545021 0.167649211254 0.14483932949 0.214575631087
8.57 0.260492252721 0.256103905784 0.279359719738 0.166886892178 0.144235407142 0.213669747565
8.58 0.259143233825 0.254745080501 0.278000894454 0.166124573101 0.143631484794 0.212763864043
8.59 0.25779421493 0.253386255218 0.276642069171 0.165362254025 0.143027562446 0.211857980521
8.6 0.256445196035 0.252050619492 0.275283243888 0.164715129831 0.142446829656 0.210975286557
8.61 0.255096177139 0.250842774796 0.273924418605 0.16410527457 0.141993887895 0.210220383622
8.62 0.2538442904 0.2496349301 0.272565593321 0.163495419309 0.141540946134 0.209465480686
8.63 0.252645162493 0.248427085404 0.271206768038 0.162885564048 0.141088004373 0.208710577751
8.64 0.251446034586 0.247250049692 0.269847942755 0.162275708787 0.140635062612 0.207955674816
8.65 0.250246906679 0.246193185583 0.268489117472 0.161665853526 0.140182120851 0.207200771881
8.66 0.249047778772 0.245136321474 0.267130292188 0.161055998265 0.13972917909 0.206445868946
8.67 0.247848650865 0.244079457364 0.265771466905 0.160446143004 0.139276237329 0.205690966011
8.68 0.246649522958 0.242984164845 0.264451070032 0.159836287743 0.138823295567 0.204936063076
8.69 0.245450395051 0.241776320148 0.263243225336 0.159226432482 0.138370353806 0.20418116014
8.7 0.244343404227 0.240568475452 0.26203538064 0.158616577221 0.137917412045 0.203426257205
8.71 0.243277512754 0.239360630756 0.260827535944 0.15800672196 0.137464470284 0.20267135427
8.72 0.242211621281 0.23819371747 0.259619691248 0.157396866699 0.137026877802 0.201942033467
8.73 0.241145729809 0.23712007774 0.258411846551 0.156787011438 0.136624262903 0.201271008635
8.74 0.240051058438 0.23604643801 0.257204001855 0.156177156177 0.136221648005 0.200599983804
8.75 0.238851930531 0.23497279828 0.255996157159 0.155574829993 0.135819033106 0.199928958973
8.76 0.237652802624 0.23389915855 0.254788312463 0.155032736428 0.135416418207 0.199257934142
8.77 0.236453674717 0.232839975485 0.253580467767 0.154490642863 0.134970433313 0.198514625986
8.78 0.23525454681 0.231783111376 0.25237262307 0.153948549297 0.134517491552 0.19775972305
8.79 0.234055418903 0.230726247267 0.251164778374 0.153406455732 0.134064549791 0.197004820115
8.8 0.232856290996 0.229669383158 0.249956933678 0.152816176072 0.13361160803 0.19624991718
8.81 0.231657163089 0.228474789638 0.248611359571 0.152206320811 0.133158666269 0.195495014245
8.82 0.230458035182 0.227266944941 0.247252534287 0.15159646555 0.132705724508 0.19474011131
8.83 0.229258907275 0.226059100245 0.245893709004 0.150986610289 0.132252782747 0.193985208375
8.84 0.228059779368 0.224851255549 0.244534883721 0.15049872608 0.131799840986 0.19323030544
8.85 0.226860651461 0.22378875969 0.243321407275 0.150041334634 0.131346899225 0.192475402504
8.86 0.225703684034 0.222731895581 0.242113562579 0.149583943189 0.130893957464 0.191720499569
8.87 0.224654447115 0.221675031472 0.240905717882 0.149126551743 0.130441015703 0.190965596634
8.88 0.223605210197 0.220616179686 0.239697873186 0.148533636906 0.129988073942 0.190210693699
8.89 0.222555973278 0.21940833499 0.23849002849 0.147923781645 0.12953513218 0.189455790764
8.9 0.221461314848 0.218200490294 0.237282183794 0.147313926384 0.129082190419 0.188700887829
8.91 0.220262186941 0.216992645597 0.236074339098 0.146704071123 0.128629248658 0.187945984894
8.92 0.219063059034 0.215794408004 0.234866494401 0.146094215862 0.128176306897 0.187191081959
8.93 0.217863931127 0.214737543895 0.233658649705 0.145484360601 0.127723365136 0.186436179023
8.94 0.216713485763 0.213680679785 0.232450805009 0.14487450534 0.127270423375 0.185681276088
8.95 0.215664248845 0.212623815676 0.231242960313 0.144264650079 0.126817481614 0.184926373153
8.96 0.214615011926 0.211566951567 0.230035115617 0.143654794818 0.126364539853 0.184171470218
8.97 0.213565775007 0.210510087458 0.22882727092 0.143044939557 0.125911598092 0.183416567283
8.98 0.212464594514 0.209453223349 0.227619426224 0.142435084296 0.125458656331 0.182661664348
8.99 0.211265466607 0.208396359239 0.226411581528 0.141848945628 0.12500571457 0.181906761413
9.0 0.2100663387 0.20733949513 0.225203736832 0.141391554182 0.124552772809 0.181176704433
9.01 0.208867210793 0.206282631021 0.223995892135 0.140934162736 0.124099831048 0.180572782084
9.02 0.207723287493 0.205225766912 0.222788047439 0.140476771291 0.123646889286 0.179968859736
9.03 0.206674050574 0.204168902803 0.221580202743 0.139982110912 0.123193947525 0.179364937388
9.04 0.205624813655 0.203112038693 0.220404823428 0.139372255651 0.122773471146 0.178728549659
9.05 0.204575576737 0.202055174584 0.219347959319 0.13876240039 0.122471509972 0.177973646724
9.06 0.203526339818 0.200998310475 0.21829109521 0.138152545129 0.122169548797 0.177218743789
9.07 0.2024771029 0.199941446366 0.217234231101 0.137542689868 0.121867587623 0.176463840853
9.08 0.201427865981 0.198924667064 0.216137282184 0.136932834607 0.121525541642 0.175708937918
9.09 0.200378629062 0.198018783542 0.214929437488 0.136322979346 0.121072599881 0.174954034983
9.1 0.199377401776 0.19711290002 0.213721592791 0.135713124085 0.12061965812 0.174199132048
9.11 0.198444746737 0.196207016498 0.212513748095 0.135167642435 0.120166716359 0.173444229113
9.12 0.197512091698 0.195290532035 0.211390710926 0.134710250989 0.119729676009 0.172758232293
9.13 0.196579436659 0.194351097271 0.210451276162 0.134252859544 0.11932706111 0.172221412428
9.14 0.195646781621 0.193411662507 0.209511841398 0.133795468098 0.118924446211 0.171684592563
9.15 0.194604972607 0.192472227744 0.208572406634 0.133294784458 0.118521831313 0.171147772698
9.16 0.193555735689 0.19153279298 0.207632971871 0.132752690892 0.118119216414 0.170610952833
9.17 0.19250649877 0.190490873253 0.206459285762 0.132210597327 0.11780444577 0.170015570132
9.18 0.191457261852 0.189434009143 0.205251441065 0.131668503762 0.117502484596 0.169411647784
9.19 0.190408024933 0.188377145034 0.204043596369 0.131135821543 0.117200523421 0.168807725436
9.2 0.189358788014 0.187320280925 0.202835751673 0.130678430097 0.116898562247 0.168203803088
9.21 0.188309551096 0.186402802624 0.201767292785 0.130221038651 0.116457215265 0.167460494931
9.22 0.187260314177 0.185496919102 0.200710428676 0.129763647206 0.116004273504 0.166705591996
9.23 0.186211077259 0.184591035579 0.199653564566 0.12930625576 0.115551331743 0.165950689061
9.24 0.18516184034 0.183685152057 0.198596700457 0.128848864314 0.115098389982 0.165195786126
9.25 0.184112603421 0.182632263301 0.197539836348 0.128391472868 0.114645448221 0.164587888425
9.26 0.183063599434 0.181575399192 0.196482972239 0.127934081422 0.11419250646 0.163983966077
9.27 0.182164253503 0.180518535083 0.19542610813 0.127432644875 0.113739564699 0.163380043729
9.28 0.181264907573 0.179465315047 0.19436924402 0.126822789613 0.113290267011 0.162772477307
9.29 0.180365561643 0.178559431525 0.193312379911 0.126212934352 0.112988305837 0.162017574372
9.3 0.17946272175 0.177653548002 0.192255515802 0.125603079091 0.112686344663 0.161262671437
9.31 0.178413484832 0.17674766448 0.191198651693 0.125050821272 0.112384383489 0.160507768502
9.32 0.177364247913 0.175841780958 0.190141787584 0.124593429826 0.112071158815 0.159764129066
9.33 0.176315010994 0.174935897436 0.189084923474 0.12413603838 0.111618217054 0.159160206718
9.34 0.17527252907 0.174030013914 0.188028059365 0.123678646934 0.111165275293 0.15855628437
9.35 0.17437318314 0.173124130392 0.186971195256 0.123221255489 0.110712333532 0.157952362022
9.36 0.173473837209 0.172199363944 0.185914331147 0.122763864043 0.110259391771 0.157348439674
9.37 0.172574491279 0.171142499834 0.184857467038 0.122306472597 0.10980645001 0.156744517326
9.38 0.171665129323 0.170085635725 0.183800602929 0.121849081151 0.109353508249 0.156140594978
9.39 0.170615892405 0.169028771616 0.182743738819 0.121306987586 0.108900566488 0.15553667263
9.4 0.169566655486 0.167998409859 0.18168687471 0.120697132325 0.108474127079 0.154932750282
9.41 0.168517418567 0.167092526337 0.180630010601 0.120087277064 0.108172165905 0.154328827933
9.42 0.167481458706 0.166186642815 0.179573146492 0.119477421803 0.107870204731 0.153724905585
9.43 0.166582112776 0.165280759292 0.178516282383 0.118965821001 0.107568243557 0.153120983237
9.44 0.165682766846 0.16437487577 0.177493540052 0.118508429555 0.107232160604 0.152482939111
9.45 0.164783420915 0.163468992248 0.17658765653 0.118051038109 0.106779218843 0.151728036176
9.46 0.163895100378 0.162563108726 0.175681773007 0.117593646663 0.106326277082 0.150973133241
9.47 0.163095681773 0.161657225204 0.174775889485 0.117136255218 0.105873335321 0.150218230305
9.48 0.162296263168 0.160779169151 0.17386073014 0.116678863772 0.105471410588 0.149523620221
9.49 0.161496844564 0.159973939354 0.172921295376 0.116221472326 0.105203000655 0.148986800356
9.5 0.160697425959 0.159168709556 0.171981860612 0.11576408088 0.104934590723 0.148449980491
9.51 0.159834572525 0.158363479759 0.171042425849 0.115348475814 0.10466618079 0.147913160626
9.52 0.158935226595 0.157558249961 0.170102991085 0.11494190564 0.104397770858 0.147376340761
9.53 0.158035880665 0.156669151262 0.169191512622 0.114535335466 0.103975601272 0.146783608295
9.54 0.157136534735 0.15576326774 0.1682856291 0.114128765292 0.103522659511 0.146179685947
9.55 0.156237188804 0.154857384218 0.167379745577 0.113700737247 0.10306971775 0.145575763599
9.56 0.155337842874 0.153951500696 0.166473862055 0.113243345801 0.102616775989 0.144971841251
9.57 0.154438496944 0.153179039952 0.165434555754 0.112785954356 0.102163834228 0.144367918903
9.58 0.153539151014 0.152424137017 0.164377691645 0.11232856291 0.101710892467 0.143763996555
9.59 0.152639805083 0.151669234082 0.163320827536 0.111793245514 0.101257950706 0.143160074207
9.6 0.151740459153 0.150914331147 0.162263963427 0.111183390253 0.100805008945 0.142556151858
9.61 0.150841113223 0.150018386007 0.161348141523 0.110573534992 0.100493109388 0.14195222951
9.62 0.149941767293 0.149112502485 0.160442258 0.109963679731 0.100191148214 0.141348307162
9.63 0.149042421363 0.148206618962 0.159536374478 0.109445302759 0.0998891870404 0.140744384814
9.64 0.148143075432 0.14730073544 0.158630490956 0.108987911313 0.0995872258663 0.140140462466
9.65 0.147243729502 0.146394851918 0.157724607434 0.108530519868 0.0992852646922 0.139536540118
9.66 0.146344383572 0.145488968396 0.156818723912 0.108073128422 0.0989833035182 0.13893261777
9.67 0.145445037642 0.144583084874 0.15591284039 0.107615736976 0.0986813423441 0.138328695422
9.68 0.144545691711 0.143682501822 0.155001656397 0.10715834553 0.0983740806997 0.137724773074
9.69 0.143646345781 0.142927598887 0.153944792288 0.106700954085 0.0979211389386 0.137120850726
9.7 0.142746999851 0.142172695952 0.152887928179 0.106243562639 0.0974681971775 0.136516928377
9.71 0.141847653921 0.141417793017 0.151831064069 0.105786171193 0.0970152554164 0.135913006029
9.72 0.14094830799 0.140649970185 0.150787119857 0.105328779747 0.096575233552 0.135309083681
9.73 0.14004896206 0.139744086663 0.149881236335 0.104871388302 0.0962732723779 0.134705161333
9.74 0.13914961613 0.138838203141 0.148975352813 0.104413996856 0.0959713112039 0.134101238985
9.75 0.138364988633 0.137932319618 0.14806946929 0.10395660541 0.0956693500298 0.133497316637
9.76 0.137615533691 0.137026436096 0.147163585768 0.103499213964 0.0953468495329 0.132893394289
9.77 0.136866078749 0.136120552574 0.146257702246 0.103041822519 0.0948939077718 0.132289471941
9.78 0.136116623807 0.135214669052 0.145351818724 0.102584431073 0.0944409660107 0.131685549593
9.79 0.135249189401 0.13430878553 0.144445935202 0.102127039627 0.0939880242497 0.131081627244
9.8 0.13434984347 0.133431060757 0.14354005168 0.101669648181 0.0935632412377 0.130477704896
9.81 0.13345049754 0.132676157822 0.142634168157 0.101212256736 0.0932612800636 0.129873782548
9.82 0.13255115161 0.131921254886 0.141728284635 0.10075486529 0.0929593188896 0.1292698602
9.83 0.131732632677 0.131166351951 0.140822401113 0.100297473844 0.0926573577155 0.128665937852
9.84 0.130933214073 0.13043132578 0.13997217253 0.0998400823982 0.0923315444246 0.128109719738
9.85 0.130133795468 0.129760300949 0.139301147699 0.0993826909525 0.0919289295258 0.127707104839
9.86 0.129334376863 0.129089276118 0.138630122868 0.0989320756763 0.0915263146271 0.12730448994
9.87 0.128551612813 0.128418251286 0.137959098037 0.0985255055023 0.0911236997284 0.126901875041
9.88 0.127802157871 0.127747226455 0.137288073205 0.0981189353282 0.0907210848296 0.126499260143
9.89 0.127052702929 0.126889783343 0.136430630093 0.0977123651542 0.0903983634798 0.125936858146
9.9 0.126303247987 0.125983899821 0.135524746571 0.0973057949802 0.0900964023057 0.125332935798
9.91 0.125553793046 0.125078016299 0.134618863049 0.0968619558736 0.0897944411317 0.12472901345
9.92 0.124804338104 0.124172132777 0.133712979527 0.0964045644278 0.0894924799576 0.124125091102
9.93 0.124054883162 0.123393709004 0.132807096005 0.0959471729821 0.089063059034 0.123521168754
9.94 0.12330542822 0.122638806069 0.131901212483 0.0954897815363 0.0886101172729 0.122917246406
9.95 0.122499487552 0.121883903134 0.13099532896 0.0950323900905 0.0881571755118 0.122313324058
9.96 0.121600141622 0.121129000199 0.130089445438 0.0945749986448 0.0877042337508 0.121709401709
9.97 0.120700795692 0.120374097264 0.129183561916 0.094117607199 0.0873863711654 0.121105479361
9.98 0.119801449761 0.119619194329 0.128277678394 0.0936602157532 0.0870844099914 0.120501557013
9.99 0.118961850589 0.118864291393 0.127371794872 0.0932028243075 0.0867824488173 0.119897634665
10.0 0.118212395647 0.118109388458 0.12646591135 0.0927454328617 0.0864804876433 0.119293712317
10.01 0.117462940705 0.117354485523 0.125702726429 0.092288041416 0.0860358278672 0.118689789969
10.02 0.116713485763 0.116599582588 0.124947823494 0.0918306499702 0.0855828861061 0.118085867621
10.03 0.115964030821 0.115844679653 0.124192920559 0.0913732585244 0.0851299443451 0.117481945273
10.04 0.11521457588 0.115089776718 0.123438017624 0.0909158670787 0.084677002584 0.116878022925
10.05 0.114465120938 0.114334873783 0.122532796661 0.0904584756329 0.0843743788511 0.116274100576
10.06 0.113715665996 0.113579970847 0.121626913139 0.0900010841871 0.0840724176771 0.115670178228
10.07 0.112966211054 0.112825067912 0.120721029616 0.0895436927414 0.083770456503 0.11506625588
10.08 0.112216756112 0.112070164977 0.119822102962 0.0890863012956 0.0834615384615 0.1144692904
10.09 0.11146730117 0.111315262042 0.119067200027 0.0886289098498 0.0830085967005 0.114016348638
10.1 0.110717846228 0.110560359107 0.118312297091 0.0881715184041 0.0825556549394 0.113563406877
10.11 0.109968391287 0.109805456172 0.117557394156 0.0877141269583 0.0821027131783 0.113110465116
10.12 0.109218936345 0.109050553237 0.116802491221 0.0872567355126 0.0816643477109 0.112642947062
10.13 0.108469481403 0.108295650301 0.116047588286 0.0867993440668 0.0813623865368 0.112039024713
10.14 0.107720026461 0.107540747366 0.115292685351 0.0863826096384 0.0810604253628 0.111435102365
10.15 0.106970571519 0.106785844431 0.114537782416 0.0860776820079 0.0807584641887 0.110831180017
10.16 0.106221116577 0.106030941496 0.113760683761 0.0857727543774 0.0804565030146 0.110227257669
10.17 0.105471661635 0.105276038561 0.112854800239 0.0854678267469 0.0801545418406 0.109623335321
10.18 0.104722206694 0.104521135626 0.111948916716 0.0851086897599 0.0798525806665 0.109019412973
10.19 0.103972751752 0.103766232691 0.111043033194 0.0846512983141 0.0795506194925 0.108415490625
10.2 0.10322329681 0.103011329756 0.110166964818 0.0841939068683 0.0792188431723 0.107841383423
10.21 0.102473841868 0.10225642682 0.109412061883 0.0837365154226 0.0787659014113 0.107388441662
10.22 0.101724386926 0.101501523885 0.108657158948 0.0832791239768 0.0783129596502 0.106935499901
10.23 0.101018994733 0.10074662095 0.107902256013 0.082821732531 0.0778600178891 0.10648255814
10.24 0.100352812562 0.100012515 0.107168150062 0.0823643410853 0.0774528294942 0.106008819394
10.25 0.0996866303916 0.0993414901684 0.106497125231 0.0819069496395 0.0771844195617 0.105471999529
10.26 0.099020448221 0.0986704653371 0.1058261004 0.081476662872 0.0769160096292 0.104935179664
10.27 0.0983498015429 0.0979994405059 0.105155075569 0.081070092698 0.0766475996967 0.104398359799
10.28 0.0976003466011 0.0973284156747 0.104484050737 0.080663522524 0.0763791897642 0.103861539934
10.29 0.0968508916592 0.0967113893858 0.103745527728 0.08025695235 0.0759622838402 0.103270721527
10.3 0.0961014367174 0.0961074670377 0.102990624793 0.0798436060064 0.0755093420791 0.102666799178
10.31 0.0953519817755 0.0955035446896 0.102235721858 0.0793862145606 0.075056400318 0.10206287683
10.32 0.0946025268336 0.0948996223415 0.101480818923 0.0789288231149 0.074603458557 0.101458954482
10.33 0.0938530718918 0.0941665838468 0.100725915988 0.0784714316691 0.0742796329424 0.100855032134
10.34 0.0931036169499 0.0934116809117 0.0999710130524 0.0780140402233 0.0739776717684 0.100251109786
10.35 0.0923687201849 0.0926567779766 0.0992161101173 0.0775566487776 0.0736757105943 0.0996471874379
10.36 0.0917691562314 0.0919018750414 0.0984612071821 0.0770992573318 0.0733737494203 0.0990432650898
10.37 0.0911695922779 0.0911469721063 0.097706304247 0.0766418658861 0.0729350526734 0.0985760783145
10.38 0.0905700283244 0.0903920691711 0.0969514013119 0.0761844744403 0.0724821109123 0.0981231365534
10.39 0.0899526451625 0.089637166236 0.0961964983767 0.0757270829945 0.0720291691513 0.0976701947923
10.4 0.0892031902206 0.0888822633009 0.0954415954416 0.0752696915488 0.0715762273902 0.0972172530312
10.41 0.0884537352788 0.0882717153647 0.0946866925065 0.074812300103 0.0712676406281 0.0966199562711
10.42 0.0877042803369 0.0876677930166 0.0939317895713 0.0744158941833 0.0709656794541 0.096016033923
10.43 0.0869548253951 0.0870638706685 0.0931768866362 0.0741109665528 0.07066371828 0.0954121115749
10.44 0.0862053704532 0.0864589544822 0.0924219837011 0.0738060389223 0.0703607632677 0.0948081892268
10.45 0.0854559155113 0.0857040515471 0.0916670807659 0.0735011112918 0.0699078215067 0.0942042668787
10.46 0.0847064605695 0.084949148612 0.0909121778308 0.0731216457961 0.0694548797456 0.0936003445306
10.47 0.0839813468992 0.0841942456768 0.0901572748957 0.0726642543503 0.0690019379845 0.0929964221825
10.48 0.0833817829457 0.0834479560061 0.0894023719605 0.0722068629045 0.0685576094878 0.0924011130988
10.49 0.0827822189923 0.082844033658 0.0886474690254 0.0717494714588 0.0682556483138 0.0919481713377
10.5 0.0821826550388 0.0822401113099 0.0878925660903 0.071292080013 0.0679536871397 0.0914952295766
10.51 0.0815554887821 0.0816361889618 0.0871376631551 0.0708346885673 0.0676517259657 0.0910422878156
10.52 0.0808060338402 0.081016033923 0.08638276022 0.0703772971215 0.067333532101 0.0905731133638
10.53 0.0800565788983 0.0802611309879 0.0856278572848 0.0699199056757 0.0668805903399 0.0899691910157
10.54 0.0793071239565 0.0795062280528 0.0848729543497 0.06946251423 0.0664276485788 0.0893652686676
10.55 0.0785885323494 0.0787513251176 0.0841180514146 0.0690051227842 0.0659747068177 0.0887613463195
10.56 0.077988968396 0.0780202742994 0.0833870005963 0.0685477313384 0.0655217650567 0.0881574239714
10.57 0.0773894044425 0.0774163519512 0.0827830782482 0.0680903398927 0.0650688232956 0.0875535016233
10.58 0.076789840489 0.0768124296031 0.0821791559001 0.0676329484469 0.0646158815345 0.0869495792752
10.59 0.0761561521691 0.076208507255 0.081575233552 0.0671755570011 0.0641629397734 0.0863456569271
10.6 0.0754066972272 0.0756045849069 0.0809398396608 0.0667181655554 0.0637414695554 0.0857732061221
10.61 0.0746572422853 0.0750006625588 0.0801849367256 0.0662607741096 0.0634395083814 0.085320264361
10.62 0.0739077873435 0.0743967402107 0.0794300337905 0.0658033826639 0.0631375472073 0.0848673225999
10.63 0.0732123335321 0.0737928178626 0.0786751308554 0.0653459912181 0.0628355860333 0.0844143808388
10.64 0.0726793877957 0.0732062692786 0.0779419451254 0.0648885997723 0.062507564213 0.0839397218725
10.65 0.0721464420592 0.0726694494136 0.0772709202942 0.0644312083266 0.0621049493143 0.0834029020076
10.66 0.0716134963228 0.0721326295487 0.076599895463 0.0640212500678 0.0617023344155 0.0828660821426
10.67 0.0710805505864 0.0715958096837 0.0759288706317 0.0636146798938 0.0612997195168 0.0823292622776
10.68 0.0704960494932 0.0710589898187 0.0752578458005 0.0632081097197 0.060897104618 0.0817924424126
10.69 0.0698964855397 0.0703442821175 0.0746415556881 0.0628015395457 0.0605765917975 0.0812008878288
10.7 0.0692969215862 0.0695893791824 0.07403763334 0.0624491787283 0.0602746306235 0.0805969654807
10.71 0.0686973576327 0.0688344762473 0.0734337109919 0.0621442510977 0.0599726694494 0.0799930431326
10.72 0.0680977936792 0.0680795733121 0.0728297886438 0.0618393234672 0.0596707082754 0.0793891207845
10.73 0.0674982297257 0.0674554429206 0.0720950937521 0.0615343958367 0.0592379745577 0.0787851984364
10.74 0.0668986657722 0.0668515205725 0.0713401908169 0.0611346018323 0.0587850327967 0.0781812760883
10.75 0.0662991018187 0.0662475982244 0.0705852878818 0.0606772103865 0.0583320910356 0.0775773537402
10.76 0.0655770162493 0.0656436758762 0.0698303849467 0.0602198189408 0.0578791492745 0.076973431392
10.77 0.0648275613074 0.0650397535281 0.0692138739813 0.059762427495 0.0574262075134 0.0765079010137
10.78 0.0640781063655 0.06443583118 0.0686099516332 0.0593050360492 0.0569732657523 0.0760549592526
10.79 0.0633286514237 0.0638319088319 0.0680060292851 0.0588476446035 0.0565203239913 0.0756020174916
10.8 0.0627049791294 0.0632279864838 0.067402106937 0.0583902531577 0.0560673822302 0.0751490757305
10.81 0.0621054151759 0.0626240641357 0.0667981845889 0.0579328617119 0.0557604518651 0.0745501225734
10.82 0.0615058512224 0.0620201417876 0.0661942622408 0.0574754702662 0.0554584906911 0.0739462002253
10.83 0.0609062872689 0.0614162194395 0.0655903398927 0.0570180788204 0.055156529517 0.0733422778772
10.84 0.0603067233155 0.0608122970914 0.0649837673094 0.0565606873746 0.0548519181077 0.0727383555291
10.85 0.059707159362 0.0602083747433 0.0642288643742 0.0561032959289 0.0543989763467 0.072134433181
10.86 0.0591075954085 0.0596044523952 0.0634739614391 0.0556459044831 0.0539460345856 0.0715305108328
10.87 0.058508031455 0.0590005300471 0.062719058504 0.0551885130374 0.0534930928245 0.0709265884847
10.88 0.0579084675015 0.0583966076989 0.0619744252302 0.0547311215916 0.0530401510634 0.0703226661366
10.89 0.057308903548 0.0577926853508 0.0613705028821 0.0542737301458 0.0525872093023 0.0697187437885
10.9 0.0567093395945 0.0571887630027 0.060766580534 0.0538163387001 0.0521342675413 0.0691148214404
10.91 0.056109775641 0.0565848406546 0.0601626581859 0.0533589472543 0.0516813257802 0.0685108990923
10.92 0.0555102116875 0.0559809183065 0.0595587358378 0.0529015558085 0.0512462731067 0.0679248658318
10.93 0.0549106477341 0.0553769959584 0.0589548134897 0.0524441643628 0.0509443119327 0.0674719240708
10.94 0.0543110837806 0.0547730736103 0.0583508911416 0.051986772917 0.0506423507586 0.0670189823097
10.95 0.0537115198271 0.0541691512622 0.0577469687935 0.0515293814712 0.0503403895846 0.0665660405486
10.96 0.0531119558736 0.0535652289141 0.0571175379315 0.0510719900255 0.0500129198966 0.0660875902736
10.97 0.0525123919201 0.052961306566 0.0563626349964 0.0506145985797 0.0495599781356 0.0654836679255
10.98 0.0519128279666 0.0523573842179 0.0556077320612 0.050157207134 0.0491070363745 0.0648797455774
10.99 0.0513132640131 0.0517534618698 0.0548528291261 0.0496998156882 0.0486540946134 0.0642758232293
11.0 0.0507768501955 0.0511642630506 0.05414577766 0.0492424242424 0.048212195499 0.0636866244101
11.01 0.050243904459 0.0506274431856 0.053608957795 0.0487974557742 0.0478095806003 0.0631498045452
11.02 0.0497109587226 0.0500906233206 0.05307213793 0.0483908856002 0.0474069657015 0.0626129846802
11.03 0.0491780129862 0.0495538034556 0.052535318065 0.0479843154262 0.0470043508028 0.0620761648152
11.04 0.0486135957066 0.0490169835906 0.0519984982001 0.0475777452522 0.0466017359041 0.0615393449502
11.05 0.0480140317531 0.048428079242 0.0514095938515 0.0471711750782 0.0461600576426 0.0609504406016
11.06 0.0474144677997 0.0478241568939 0.0508056715034 0.0467216891636 0.0457071158815 0.0603465182535
11.07 0.0468149038462 0.0472202345458 0.0502017491552 0.0462642977178 0.0452541741205 0.0597425959054
11.08 0.0462894118963 0.0466163121977 0.0495978268071 0.045806906272 0.0448012323594 0.0591386735573
11.09 0.0458397389311 0.0460123898496 0.048993904459 0.0453495148263 0.0443482905983 0.0585347512092
11.1 0.045390065966 0.0454084675015 0.0483899821109 0.0448921233805 0.0438953488372 0.0579308288611
11.11 0.0449403930009 0.0448045451534 0.0477860597628 0.0444347319347 0.0434424070761 0.057326906513
11.12 0.0444133870006 0.0442006228053 0.0471821374147 0.043977340489 0.0429894653151 0.0567229841649
11.13 0.0438138230471 0.0437291293977 0.0465782150666 0.0435199490432 0.042536523554 0.0561190618167
11.14 0.0432142590936 0.0432761876367 0.0459742927185 0.0430625575974 0.0420835817929 0.0555151394686
11.15 0.0426146951401 0.0428232458756 0.0453703703704 0.0426051661517 0.0416306400318 0.0549112171205
11.16 0.0420151311867 0.0423703041145 0.0447664480223 0.0421477747059 0.0411776982707 0.0543072947724
11.17 0.0414155672332 0.0417773139866 0.0441625256742 0.0416903832602 0.0408648048764 0.0537033724243
11.18 0.0408160032797 0.0411733916385 0.0435586033261 0.0412329918144 0.0405628437024 0.0530994500762
11.19 0.0402164393262 0.0405694692904 0.0429546809779 0.0407756003686 0.0402608825283 0.0524955277281
11.2 0.0396168753727 0.0399655469423 0.0423507586298 0.0403182089229 0.0399589213543 0.05189160538
11.21 0.0390173114192 0.0393616245942 0.0417468362817 0.0398608174771 0.0395092923872 0.0512876830319
11.22 0.0384177474657 0.0387577022461 0.0411429139336 0.0394034260313 0.0390563506261 0.0506837606838
11.23 0.0378181835122 0.038153779898 0.0405389915855 0.0389460345856 0.038603408865 0.0500798383357
11.24 0.0373057356887 0.0375541641821 0.0399350692374 0.0384886431398 0.038150467104 0.0494759159876
11.25 0.0368560627236 0.037101222421 0.0393311468893 0.038031251694 0.0376975253429 0.0488719936394
11.26 0.0364063897585 0.0366482806599 0.0387272245412 0.0375738602483 0.0372445835818 0.0482680712913
11.27 0.0359567167934 0.0361953388988 0.0381233021931 0.0371164688025 0.0367916418207 0.0476641489432
11.28 0.0354166666667 0.0357304710793 0.037519379845 0.0366590773568 0.0363387000596 0.0470602265951
11.29 0.0348171027132 0.0351265487312 0.0369154574969 0.036201685911 0.0358857582986 0.046456304247
11.3 0.0342175387597 0.0345226263831 0.0363115351488 0.0357442944652 0.0354328165375 0.0458523818989
11.31 0.0336179748062 0.033918704035 0.0357076128006 0.0352869030195 0.0349798747764 0.0452484595508
11.32 0.0330184108527 0.0333147816869 0.0351232359372 0.0348295115737 0.0345269330153 0.0446445372027
11.33 0.0324188468992 0.0327108593388 0.0346702941761 0.0343721201279 0.0340739912542 0.0440406148546
11.34 0.0318192829457 0.0321069369907 0.034217352415 0.0339147286822 0.0336210494932 0.0434366925065
11.35 0.0312197189923 0.0315030146426 0.033764410654 0.0334573372364 0.0331681077321 0.0428327701584
11.36 0.0307170542636 0.0309262572053 0.033284303982 0.0329999457907 0.0326880010601 0.0422288478103
11.37 0.0302673812985 0.0304733154443 0.0326803816339 0.0325425543449 0.032084078712 0.0416249254621
11.38 0.0298177083333 0.0300203736832 0.0320764592858 0.0320851628991 0.0314801563639 0.041021003114
11.39 0.0293680353682 0.0295674319221 0.0314725369377 0.0316277714534 0.0308762340158 0.0404170807659
11.4 0.0288627178162 0.0290951655293 0.0308840742949 0.0311703800076 0.0303186907838 0.0398286181232
11.41 0.0283297720798 0.0285583456643 0.03034725443 0.0306584027514 0.0299160758851 0.0392917982582
11.42 0.0277968263433 0.0280215257993 0.029810434565 0.0301163091861 0.0295134609863 0.0387549783932
11.43 0.0272638806069 0.0274847059343 0.0292736147 0.0295742156207 0.0291108460876 0.0382181585282
11.44 0.0267469812165 0.0269478860693 0.028736794835 0.0290321220554 0.0287082311889 0.0376813386633
11.45 0.0262973082513 0.0264770920294 0.02814715431 0.0285107334526 0.0282660007951 0.0370916981382
11.46 0.0258476352862 0.0260241502683 0.0275432319618 0.0280533420068 0.027813059034 0.0364877757901
11.47 0.0253979623211 0.0255712085073 0.0269393096137 0.0275959505611 0.0273601172729 0.035883853442
11.48 0.0249161449016 0.0251182667462 0.0263353872656 0.0271385591153 0.0269071755118 0.0352799310939
11.49 0.0243165809481 0.0245388590738 0.0258579308289 0.0266811676695 0.0264542337508 0.0346760087458
11.5 0.0237170169946 0.0239349367256 0.0254049890678 0.0262237762238 0.0260012919897 0.0340720863977
11.51 0.0231174530412 0.0233310143775 0.0249520473067 0.025766384778 0.0255483502286 0.0334681640496
11.52 0.0225532945737 0.0227270920294 0.0244991055456 0.0253089933323 0.0250954084675 0.0328642417015
11.53 0.0221036216085 0.0222572550189 0.023912078447 0.0248516018865 0.0246424667064 0.0321262340158
11.54 0.0216539486434 0.0218043132578 0.0233081560989 0.0243942104407 0.0241895249453 0.0313713310806
11.55 0.0212042756783 0.0213513714967 0.0227042337508 0.023936818995 0.0237365831843 0.0306164281455
11.56 0.0207546027132 0.0208984297356 0.0221003114026 0.0234794275492 0.0232836414232 0.0298615252104
11.57 0.0203049297481 0.0204454879746 0.0216380938183 0.0229441101534 0.0226889948983 0.029248327039
11.58 0.019855256783 0.0199925462135 0.0211851520573 0.0223342548924 0.0220850725502 0.0286444046909
11.59 0.0194055838178 0.0195396044524 0.0207322102962 0.0217243996314 0.0214811502021 0.0280404823428
11.6 0.0189139833035 0.0190866626913 0.0202792685351 0.0211145443704 0.020877227854 0.0274365599947
11.61 0.01831441935 0.0184843967402 0.019677002584 0.0205961673985 0.0204226296959 0.0268326376466
11.62 0.0177148553966 0.0178804743921 0.0190730802359 0.0201387759527 0.0199696879348 0.0262287152985
11.63 0.0171152914431 0.017276552044 0.0184691578878 0.019681384507 0.0195167461737 0.0256247929504
11.64 0.0165609160704 0.0166785927251 0.0178711985689 0.0192239930612 0.0190638044126 0.0250149075731
11.65 0.0161112431053 0.016225650964 0.0174182568078 0.0187666016154 0.0186108626516 0.0242600046379
11.66 0.0156615701401 0.0157727092029 0.0169653150467 0.0183092101697 0.0181579208905 0.0235051017028
11.67 0.015211897175 0.0153197674419 0.0165123732856 0.0178518187239 0.0177049791294 0.0227501987677
11.68 0.0147622242099 0.0148668256808 0.0160458490691 0.0173944272782 0.0172384549129 0.022008878288
11.69 0.0143125512448 0.0144138839197 0.015441926721 0.016818452865 0.0166345325648 0.0214049559399
11.7 0.0138628782797 0.0139609421586 0.0148380043729 0.016208597604 0.0160306102167 0.0208010335917
11.71 0.0134132053146 0.0135080003975 0.0142340820248 0.0155987423429 0.0154266878686 0.0201971112436
11.72 0.0129118217054 0.0130338567548 0.0136513615583 0.0149888870819 0.0148439674021 0.0195719870139
11.73 0.0123122577519 0.0124299344067 0.0131984197973 0.0145111671275 0.014391025641 0.0188170840787
11.74 0.0117126937985 0.0118260120586 0.0127454780362 0.0140537756817 0.01393808388 0.0180621811436
11.75 0.011113129845 0.0112220897105 0.0122925362751 0.0135963842359 0.0134851421189 0.0173072782085
11.76 0.0105685375671 0.0106469886703 0.0118107732061 0.0131389927902 0.0130033790499 0.0165811965812
11.77 0.010118864602 0.0101940469092 0.011206850858 0.0125359136987 0.0123994567018 0.0159772742331
11.78 0.00966919163686 0.00974110514809 0.0106029285099 0.0119260584377 0.0117955343537 0.015373351885
11.79 0.00921951867174 0.00928816338701 0.00999900616181 0.0113162031767 0.0111916120056 0.0147694295369
11.8 0.00878925660903 0.0088473685373 0.00944367145918 0.0107153828084 0.010636277303 0.0141493113069
11.81 0.00838954730671 0.00844475363856 0.00904105656044 0.0103088126344 0.0102336624042 0.0134782864757
11.82 0.00798983800438 0.00804213873982 0.0086384416617 0.00990224246039 0.00983104750547 0.0128072616445
11.83 0.00759012870205 0.00763952384108 0.00823582676297 0.00949567228638 0.00942843260673 0.0121362368133
11.84 0.00719041939973 0.00723690894234 0.00783321186423 0.00908910211237 0.009025817708 0.011465211982
11.85 0.00674509447675 0.00679412641623 0.00726992645598 0.0085515259934 0.00846253229975 0.0107272411052
11.86 0.00629542151164 0.00634118465515 0.00666600410788 0.00794167073238 0.00785860995164 0.00997233817003
11.87 0.00584574854652 0.00588824289407 0.00606208175977 0.00733181547136 0.00725468760354 0.00921743523489
11.88 0.0053960755814 0.00543530113298 0.00545815941166 0.00672196021034 0.00665076525543 0.00846253229976
11.89 0.00494640261629 0.0049823593719 0.0049823593719 0.00611210494933 0.00604684290732 0.00770762936462
11.9 0.00449672965117 0.00452941761082 0.00452941761082 0.00550224968831 0.00544292055921 0.00695272642948
11.91 0.00404705668605 0.00407647584974 0.00407647584974 0.00489239442729 0.0048389982111 0.00619782349435
11.92 0.00359738372094 0.00362353408866 0.00362353408866 0.00428253916627 0.00423507586299 0.00544292055921
11.93 0.00314771075582 0.00317059232758 0.00317059232758 0.00367268390525 0.00363115351489 0.00482375935865
11.94 0.00269803779071 0.0027176505665 0.0027176505665 0.00306282864424 0.00302723116678 0.00421983701055
11.95 0.00224836482559 0.00226470880542 0.00226470880542 0.00245297338322 0.00242330881867 0.00361591466244
11.96 0.00179869186047 0.00181176704433 0.00181176704433 0.0018431181222 0.00181938647056 0.00301199231433
11.97 0.00134901889536 0.00135882528325 1.0 0.0013721743373 0.00135882528325 1.0
11.98 0.000899345930241 0.000905883522171 1.0 0.000914782891536 0.000905883522171 1.0
11.99 0.000449672965125 0.00045294176109 1.0 0.000457391445772 0.00045294176109 1.0
