#File/QSO name                z      taueff err_up err_low sensitivity
sdss1237nyquist               2.680  2.076  0.208  0.189  4.135
sdss1237nyquist               2.720  1.993  0.129  0.125  4.540
sdss1237nyquist               2.760  2.186  0.132  0.117  4.741
sdss1237nyquist               2.800  3.389  0.323  0.262  4.879
sdss1237nyquist               2.840  2.215  0.121  0.106  4.977
sdss1237nyquist               2.880  2.975  0.210  0.188  4.932
sdss1237nyquist               2.920  3.003  0.231  0.208  4.803
sdss1237nyquist               3.080  3.235  0.249  0.196  5.034
sdss1101nyquist               2.680  3.453  1.081  0.569  3.811
sdss1101nyquist               2.720  2.762  0.306  0.237  4.311
sdss1101nyquist               2.760  3.678  0.642  0.384  4.513
sdss1101nyquist               2.800  2.765  0.228  0.194  4.596
sdss1101nyquist               2.880  3.187  0.336  0.241  4.624
sdss1101nyquist               2.920  2.746  0.324  0.241  4.295
sdss0924nyquist               2.680  3.312  0.359  0.264  4.759
sdss0924nyquist               2.720  2.003  0.081  0.080  5.258
sdss0924nyquist               2.760  1.689  0.056  0.055  5.488
sdss0924nyquist               2.800  2.403  0.083  0.078  5.597
sdss0924nyquist               2.840  2.672  0.090  0.088  5.674
sdss0924nyquist               2.880  1.914  0.056  0.056  5.681
sdss0924nyquist               2.920  2.593  0.094  0.088  5.583
sdss0818nyquist               2.680  1.497  0.201  0.187  3.573
sdss0818nyquist               2.720  2.073  0.194  0.174  4.073
sdss0818nyquist               2.760  2.092  0.167  0.140  4.306
sdss0818nyquist               2.800  1.959  0.139  0.125  4.436
sdss0818nyquist               2.840  1.875  0.120  0.115  4.510
sdss0818nyquist               2.880  2.441  0.186  0.160  4.521
sdss0936nyquist               2.680  2.192  0.307  0.238  3.816
sdss0936nyquist               2.720  1.465  0.131  0.117  4.168
sdss0936nyquist               2.760  1.840  0.139  0.129  4.379
pc0058nyquist                 2.680  2.053  0.263  0.219  3.851
pc0058nyquist                 2.720  2.027  0.173  0.165  4.225
pc0058nyquist                 2.760  2.720  0.230  0.212  4.495
pc0058nyquist                 2.800  1.953  0.119  0.114  4.598
sdssj1319+5202nyquist         3.200  3.881  0.312  0.236  5.296
sdssj1319+5202nyquist         3.240  3.686  0.279  0.221  5.198
sdssj1319+5202nyquist         3.360  3.708  0.412  0.292  4.853
sdssj1319+5202nyquist         3.400  3.219  0.242  0.194  4.884
sdssj1319+5202nyquist         3.440  2.668  0.225  0.200  4.425
sdssj1319+5202nyquist         3.480  3.703  1.135  0.561  4.102
sdssj1319+5202nyquist         3.520  3.338  0.410  0.301  4.484
sdssj1319+5202nyquist         3.560  4.268  2.142  0.628  4.431
sdssj1319+5202nyquist         3.600  3.722  0.853  0.451  4.304
sdssj1319+5202nyquist         3.640  3.331  0.572  0.383  4.189
sdssj1319+5202nyquist         3.680  3.217  0.543  0.355  4.150
sdssj1319+5202nyquist         3.720  2.765  0.362  0.282  4.027
sdssj1319+5202nyquist         3.760  2.646  0.355  0.281  3.890
sdssj1319+5202nyquist         3.800  2.834  0.544  0.365  3.756
sdssj1319+5202nyquist         3.840  2.292  0.316  0.231  3.710
sdssj1711+6052nyquist         3.160  2.665  0.110  0.104  5.168
sdssj1711+6052nyquist         3.200  3.489  0.224  0.194  5.189
sdssj1711+6052nyquist         3.360  2.695  0.128  0.120  5.066
sdssj1711+6052nyquist         3.400  2.523  0.112  0.102  5.081
sdssj1711+6052nyquist         3.520  3.484  0.334  0.250  4.837
sdssj1711+6052nyquist         3.560  3.368  0.293  0.235  4.846
sdssj1711+6052nyquist         3.600  3.226  0.261  0.217  4.795
sdssj1711+6052nyquist         3.640  3.571  0.400  0.285  4.776
sdssj1711+6052nyquist         3.680  3.659  0.452  0.329  4.725
sdssj1711+6052nyquist         3.720  3.088  0.273  0.224  4.622
sdssj1711+6052nyquist         3.760  3.274  0.341  0.253  4.615
sdssj2346-0016nyquist         3.120  4.330  0.327  0.266  5.704
sdssj2346-0016nyquist         3.160  4.908  0.646  0.375  5.728
sdssj2346-0016nyquist         3.200  5.341  1.226  0.534  5.730
sdssj2346-0016nyquist         3.240  5.128  0.833  0.456  5.741
sdssj2346-0016nyquist         3.360  4.463  0.356  0.262  5.794
sdssj1253+6817nyquist         2.800  2.520  0.113  0.106  5.208
sdssj1253+6817nyquist         2.840  2.726  0.122  0.110  5.310
sdssj1253+6817nyquist         2.880  2.982  0.167  0.143  5.149
sdssj1253+6817nyquist         3.080  2.831  0.140  0.129  5.262
sdssj1253+6817nyquist         3.120  2.983  0.123  0.110  5.540
sdssj1253+6817nyquist         3.160  2.757  0.106  0.102  5.524
sdssj1253+6817nyquist         3.200  4.344  0.459  0.313  5.436
sdssj1253+6817nyquist         3.240  3.946  0.258  0.205  5.622
sdssj1253+6817nyquist         3.360  3.830  0.226  0.196  5.566
hs0911+4809nyquist            2.720  2.215  0.186  0.147  4.529
hs0911+4809nyquist            2.760  3.168  0.303  0.235  4.795
hs0911+4809nyquist            2.800  2.040  0.114  0.113  4.905
hs0911+4809nyquist            2.840  2.700  0.159  0.154  5.036
hs0911+4809nyquist            2.920  4.432  1.141  0.545  4.906
hs0911+4809nyquist            3.080  4.446  0.667  0.464  5.228
hs0911+4809nyquist            3.120  5.351  3.022  0.657  5.506
hs0911+4809nyquist            3.160  3.145  0.184  0.145  5.434
hs0911+4809nyquist            3.200  4.218  0.425  0.298  5.571
sbs1602+576nyquist            2.680  1.939  0.133  0.118  5.122
sbs1602+576nyquist            2.720  2.056  0.096  0.096  5.551
sbs1602+576nyquist            2.760  1.552  0.062  0.058  5.697
sbs1602+576nyquist            2.800  2.506  0.101  0.090  5.886
hs1024+1849nyquist            2.680  2.053  0.252  0.204  4.287
hs1024+1849nyquist            2.720  2.594  0.230  0.198  4.719
hs1024+1849nyquist            2.760  2.687  0.200  0.182  4.910
hs1700+6416nyquist            2.320  1.652  0.319  0.246  3.071
hs1700+6416nyquist            2.480  1.381  0.114  0.108  3.948
hs1700+6416nyquist            2.520  1.380  0.104  0.097  4.107
hs1700+6416nyquist            2.560  1.976  0.084  0.077  5.056
hs1700+6416nyquist            2.600  2.070  0.050  0.047  5.994
hs1700+6416nyquist            2.640  1.499  0.022  0.022  6.819
hs1700+6416nyquist            2.680  1.577  0.019  0.019  7.235
q0302stis_new                 2.800  2.190  0.174  0.148  4.341
q0302stis_new                 2.840  2.179  0.119  0.114  4.734
q0302stis_new                 2.880  4.044  0.580  0.382  4.917
q0302stis_new                 2.920  4.449  1.010  0.479  4.982
q0302stis_new                 3.080  4.714  0.759  0.412  5.417
q0302stis_new                 3.120  4.898  0.918  0.456  5.485
hs1157stis                    2.800  2.536  0.253  0.216  4.154
hs1157stis                    2.840  2.338  0.144  0.130  4.530
hs1157stis                    2.880  3.417  0.384  0.288  4.604
hs1157stis                    2.920  2.100  0.117  0.106  4.485
he2347g140lnyquist            2.320  0.935  0.137  0.117  3.400
he2347g140lnyquist            2.440  1.372  0.098  0.096  4.218
he2347g140lnyquist            2.480  1.288  0.091  0.085  4.298
he2347g140lnyquist            2.520  1.417  0.091  0.085  4.441
he2347g140lnyquist            2.560  1.920  0.073  0.065  5.356
he2347g140lnyquist            2.600  1.490  0.035  0.033  6.243
he2347g140lnyquist            2.640  1.623  0.024  0.023  7.051
he2347g140lnyquist            2.680  1.996  0.026  0.025  7.393
he2347g140lnyquist            2.720  1.798  0.021  0.021  7.644
he2347g130mnyquist            2.760  4.989  0.097  0.089  7.570
he2347g130mnyquist            2.800  1.862  0.008  0.008  7.996
he2347g130mnyquist            2.840  3.466  0.019  0.019  8.087
